1847123567
6992157759
1975650700
6448901169
1644114654
2932794570
1647486362
5564927603
2150758415
1112928761
1398835600
5119844827
5539094363
1489482040
2746348614
5617030362
5393135816
2248834985
6283394483
1459272740
2624755655
7102593084
6444840645
1259914383
5027992829
5820188838
7312625959
2105807580
5721376081
2803301701
3752850684
2426606861
2498948744
1865616660
1202150843
3937348351
1529124462
6301933756
1686546714
1989660417
1065618283
7300783873
3982425411
1699910237
5033195293
3471850792
1974576991
1861477054
5370547595
1773206563
5067914848
2480172345
1809929092
2610907543
5605612596
1014917495
2754993620
1221171697
1807436544
7293813897
3986147355
2001837305
1895431523
1663072851
6805532762
1715548991
1832961217
1745719040
1803554510
1708922835
6056544740
3160450123
2489313225
7010131150
1659893422
7312671287
1571497285
1800523234
7283364547
6873155627
3166966293
1199727271
5174551863
1496883514
1887344341
7291169635
1665808371
5333693607
6227634537
2056394313
2661298601
2632236847
1632155184
5869855957
6340026081
2294009067
6062446059
1803310643
5817121254
1875293522
3257820924
1663010745
5581082162
1709408362
1572619174
5999251130
1401296264
1177998161
6907164481
3898569622
3125859763
2286908003
5037413537
5487821686
1697601814
3604378011
5868279768
1298535315
1499104401
7023336379
5172829747
2553695304
1746575865
6820141304
6887768216
7281473317
1769684987
2330652567
7307606526
2656274875
1601296495
2035895904
1801517151
7309878946
7312464347
5229752744
1784473157
7307025233
2230197903
1940950257
1403497553
2464323931
6486930715
1762645362
2473690064
5347537335
5584696992
2639278851
2610815985
1777051772
3974639937
5638055432
1895859130
3170766712
3225904690
2919798051
6865914053
5467852665
3166118150
1978895060
5231788809
7306235209
1220562903
6572654129
1685702730
1712595650
7279178570
2173738960
1259248504
1890797622
2246440764
7055420052
6895530246
2100720873
1438162665
1914186435
1857345450
2204753141
1623886424
1239804802
5883600795
6292645006
2375086267
1649173367
5041898236
2131806850
1594052081
1766610544
2053061043
2127460165
6720489566
1400887105
1874361623
1376420267
1149956613
3713325983
3628193355
1272214722
1634365454
1182290037
2514846743
5028892209
5510773324
2100708653
2772800360
1656316841
6612642961
1402138343
6441514919
6501805156
6868538161
5720474518
6479869715
3678831590
1623404035
1855152373
1926352623
7277520469
2642540417
2931408904
6642254306
2865819240
7308773691
6520752778
1301014507
6620378583
2622387801
2632502195
1700045897
2357832895
2769897145
7312024690
1763956344
5895204867
1471143571
2014548525
2139882755
1658187530
7307409225
5836608166
7188247797
1760189314
1362524782
6443509276
3279710155
1748850214
1680627284
1180860635
1006550592
1887790981
2431344815
6370024951
5692553334
1250793277
2286266347
1406892441
1263977197
6724013335
1048733260
1772602627
7010624220
3798326511
5947140973
3867715593
1823014021
1348413742
2699757790
1663735900
1946246331
5700459448
6506371187
2283870420
1794512494
1964193661
6520747945
1740979351
1308236857
5142243223
1504328683
5688313870
3488787807
5828293600
1749990115
3871173792
2103981667
7293585974
6591877052
6483351451
7309872595
1657916762
2268478495
2960763941
6011391162
5503777281
1738467337
1713234960
2297158860
6593264073
1682072745
1649438714
3187525994
1611862187
6474140990
3490921680
1658725993
2683611852
2599735413
6158802794
6088446147
6512172761
6060307497
2505697571
3513621424
7299273153
3506400592
5095969355
5658712656
5880955240
5603237555
1099273193
5534145078
5314476953
2050038827
5476477921
7300608097
1784264335
5077824444
7149633605
1642591402
1989638280
2358578625
3298202727
1103661227
3462772012
2072642657
2044263792
1709157165
3988392630
6323309209
3138941747
1847116872
1779990993
7276787532
5687553488
5605694475
3241866672
7230384133
1851455942
5663416933
2083942267
1250636273
1643200223
1245161127
5974015650
1453372141
5287176816
5493934570
6077586549
6412672328
3811061654
5643224579
1670032377
1295048517
3180154335
2161876737
6057919519
1405759702
2935568055
1497991440
1576603177
5934541885
1689987521
1266938852
5225822288
2987102112
1524257537
2369080114
2312152482
1618051664
6493289401
2549228714
6206919904
1789728231
1842669274
6714400842
6183821370
1708288824
2206724733
6153017650
1261788454
3922690673
6389419854
5284449501
1247329820
1750717451
3536826167
1789190250
1266161694
2808337131
2208193814
6463427585
6589583808
2591595652
3169457454
5104289648
3259689795
2686702781
1880793381
5076553587
7304180496
1857518010
1914919243
1883880250
3167752321
5964184998
2138112497
3609271360
2192606857
5644574958
3193839180
1308889783
2730549204
3443401064
2930058992
5044717223
6429214222
5733469659
3960800967
3186773504
5156982578
2759405265
2185658800
6011393736
1652484947
6495544869
5326573504
2079751412
5223157577
6558831969
5908247668
6736100240
5603109228
5936367142
1823533944
1802348650
2178610094
5381869402
1628778725
6257080298
3569314904
6165393377
3197077575
1635806445
5230132970
1860128420
2356166212
1967751627
2217314615
1486489760
1760540443
1261093102
3171363734
7306591736
3089487123
3276099007
1741929891
6555810361
1798448387
1681029540
3939426052
1662214194
3424864694
2637695114
1676368781
1663612603
6964184516
1094954164
2944306795
6228689857
2198692254
1740250437
1764261370
1590753120
1448495451
2266078273
6059492811
1804898121
7070036715
1191867367
2661956384
2462562827
2302617634
7292116464
1040731452
5581921763
6149234239
2876044937
1882716230
2657845211
1639064093
6393904893
3299280577
1376628072
2143550005
1989534434
3022704283
6270180389
1939582460
6879891259
1886340754
2174585797
1638782947
1198220993
3089583060
2703292393
5249306689
2535854165
1763094262
5558990115
7284624854
1913094142
1899003497
2288605390
5586933121
6504121225
6593450903
3358652872
5863167190
6910034895
2739205561
2789942695
3029596947
1879868073
1859428970
3684127420
2519357914
5607257930
5607826030
5575992865
7229598431
1195190284
3922585981
5845360013
3041727282
7308811409
2178514797
2665177402
2461508674
2337348632
1411732297
1902724153
1428123685
3819829043
1393202693
2037897050
1481944214
6713661403
6382367593
3834565010
2000961721
2543810800
6733313882
5502606088
7280827401
5034901460
2634947861
1497219437
5938890241
7292195781
3930284726
1258082732
2400966427
2431035101
1568061967
3881150636
6762280505
1878723407
2411709094
5205312904
1834603103
2398792114
6158838494
1762972937
1251078445
6004281123
1168579097
3505953803
2474959734
1905843503
2783887615
5377546345
2388199744
7315132441
7292471063
1847443111
1991114285
1809098785
1733816773
1401902522
5476386628
1108242961
1039916297
7303305063
2810520221
6394365165
5648809025
1971117623
7164052643
1502981365
5515005724
3956698278
6779570629
5233223858
3721483295
5603105558
7310021075
5884655223
1300145304
6920941945
6632448315
5480171400
2267654861
5540811638
1443266094
1768541657
5043108518
1638781994
1654134123
1719824734
2257294753
3934791977
6124642021
7292924267
7295842539
5559135126
1595103002
1876131803
1249424622
6177021066
2534789362
1050227520
1368589977
6890775593
1726918143
2608966995
6608447499
2034280670
1827021275
1452108830
2025231343
1224921712
1641498635
1619925757
1683954217
6353234443
3099078471
5974861386
3908755088
1863688173
6563619759
2955182023
3912574689
1084093810
1296492494
7278779882
2521699800
2638660385
3241571192
5974002628
6554100872
7304706297
7307786718
1896084573
3873096802
2426475331
2063540952
2342335853
5888006271
1644809731
2750220507
2095820504
1458309703
3694863325
1713409753
2013933547
2108605227
6222984796
7309576277
2293510981
2712601544
6011652040
1699432410
1285020581
6111786953
2602072484
5611402655
1791283533
1761616742
1131481574
1790413623
1228496822
2606806411
1838097472
3175594150
6524186068
2635695961
1752549400
1179737915
1944375784
2043751951
1627825392
2058228032
5607517441
1893801487
1881431305
5898468734
6422743207
1236922384
2636180571
3626485974
5091912327
2012562710
2269554282
3044317391
2418201593
1907214345
1237419703
1283431191
1356658417
5227820733
5282583849
1415663537
1280781641
2732595321
5476743904
5678381304
1739399122
7314753022
5631696105
2360956414
7311980094
6210064670
5504981954
7308414406
6240358856
1707326784
3721500225
2289534993
7261180999
1245732825
2032139271
7311395690
1408624520
5594702394
2033126843
2147514324
5880194233
6679296504
3226141487
5182226143
1969099527
2256839033
1772522837
1191965271
2644042140
6317134281
2197546765
1085304765
1642634100
2615417307
1998988241
7209505250
2743109143
1229625235
2703419987
5488567440
6359196337
1433814314
5822570862
1904098061
6524418589
1142648704
7313511091
1253846303
3289121354
5507836092
2063557851
1711009823
5943862253
3544830952
3641513235
2459924257
3193510937
6524001659
2141823055
1061213001
7306850249
1629426635
1549768857
7004520360
1752212644
2039250863
2961884483
6348826452
1921538071
1548929714
3775056661
1769869792
1682868903
1645255202
3910856166
1691192972
1694432495
2372028335
7184947849
2865899002
1280148522
3783157493
5044281310
6905187722
1430953552
3232483772
1652184490
1736329970
5680957081
7285171577
7298488441
7182737383
6102992410
5608823354
7258772579
6249001179
1996324342
3181342171
6892905149
1241011790
5531563189
2169306777
2201109250
1167451252
1401659004
1861841970
2473675252
1181382331
3497583125
3842880555
5398022921
5612278337
6224358784
5869741243
2574374407
5748897984
2792662770
5963430657
2028810631
3266943013
5835847839
2002148123
1640601392
3881380517
1896650227
1700648435
2512591982
5910573291
1237389341
1497714867
1648195723
6244553417
5425945668
7307626295
1997458877
1548164797
7218929071
1722473683
5628261787
5677121040
1068246700
2410195053
6542800525
3273453625
2643477111
1747150823
6425294646
1830380301
1618819632
3429976500
3968347822
1732112365
1624195875
1933403482
2820792015
5115326071
1305277975
2794283127
1736574887
7300204226
1858386852
6039040588
2317078015
2208787052
1263406744
1567560777
1808814424
2812129277
2368251261
6928836639
5155005475
3183107112
1940275640
5331477129
1724170577
5086160970
7281791597
6471474517
5291379812
7310303142
1214199295
2614603084
5881966870
6187762137
3695856260
1770545650
2769885021
1412992852
1877329162
7245167504
1688192603
2373313250
1885240921
2277804162
5283695116
7293113462
2328516855
2121580037
1992424454
7310193090
6515651691
1893892941
2031268673
1926105170
2396684287
1286037421
6529088512
7313511985
1642286230
2531280061
1915529831
1854801324
1657958417
1958668087
7312197809
7304749928
2473839001
7195001932
2596119483
2818245775
3903649070
3260775230
6303992195
6079887320
1859846292
3205295640
2014433131
1769620134
1497087080
1900082965
1500388023
7216047293
1648492863
1931376424
3675736060
6297145134
1721484135
6038207522
1828113247
3138561560
1562459747
5521523517
2885264684
1647433637
5801666169
6470309539
7113531219
6249211768
6063405614
5554979256
2851948151
1833534480
6078337804
6360932106
1733361551
1308252731
3149202413
1667517061
1908275435
3874268626
2930162624
1249819153
2822577020
5897927369
5451723454
5299926269
2261322181
1140825673
1405527204
3590037917
1095240537
2868676035
2628193907
1790942835
2703219443
7270286850
1365426941
1036663592
5232671688
7315266998
5035763146
6403055512
6345572255
1955362095
5107015507
2901259065
1831727905
1642632462
1686199162
1790410005
6539078030
1280463227
2004021715
1805982651
2658345322
7285103153
1221655127
1724164455
1429677813
1932395815
7276356540
6790696131
7060281712
1407365952
1773151432
2001851851
2380735370
1800644433
1180316095
2841698072
1201354652
7220413849
1720459274
2641732055
1404429281
6329750004
5601629229
7304955612
3468571322
7295074454
6470919752
2811244260
1407295172
5358200160
5562354545
2165401830
1974561081
6037385256
2136367523
1737870711
1580713555
2609660273
3363668700
1915096531
6054450374
5304398462
3804173419
1651428902
2645654357
3861674840
1668662863
7006367380
6723107481
1591169702
5685400200
1642904381
1700582867
1747752902
3116322611
1635270132
1677960582
1132428807
1763415704
5594216204
1720962692
6124451564
3481045492
1646512101
1774835215
1718699234
2176714344
1843633441
1898268644
3773882380
2562264025
1894036033
3180159531
1417973900
1735833683
5775778499
1101928651
1917175010
1867099473
5828366044
3479015013
5628550359
3452409474
2709946295
1797447824
6179276752
2866775674
2725156357
5070756530
2552011801
5899851726
5240181508
6083441735
3106192441
1679939170
6457366995
6358612910
2920316477
3788044935
1566143967
3347018512
7003374271
5975148757
5548643993
2164864917
1891711061
1219182541
5782114188
1723895777
2257761625
2387353802
3502638475
3359389864
2125646901
7187157301
1676010442
2335625480
1630300414
2450743314
1033771023
2492465520
1660079292
5898191352
3189757602
2419830927
5303231841
5299323290
2573598147
6345028642
1968721147
1670108074
2198935377
1498794104
7079618544
6013313355
1285655147
1685920342
6574742299
7193123439
1421067881
2427068774
6969972165
2217120690
6369435262
3969797244
1980237443
7271810705
1743951792
2133781844
2126880797
1868804567
5919758251
1114448242
1402300455
3214806072
1226256222
3172300192
2259107520
5568490146
1103147195
1931264631
3802197689
2077946951
1845864154
2868217834
5915215161
3979044587
1004853823
1747514562
6028593815
7236300070
2138511615
3875220503
1629145490
1902348395
1750494253
1789444301
1708189791
6685971661
5212615090
1890124614
6535803930
2632436451
5042958097
2135665424
1242526405
1743784885
7292383111
7312827327
2273244941
5861895965
1841818105
6570832696
5610845808
3738143042
1882711154
2308351693
2793921830
1644489953
2356494051
1743779731
6698202446
1523766213
3416181054
5705221157
2679141713
5051077448
1918476724
1851517761
6194555286
1728148193
5574715040
1780808275
1731633990
1649287405
6023864410
1656679904
1646548024
3977110878
6344526615
2274713011
1093974672
7001956160
2034689841
3152305322
7004513026
6540781232
7040470693
1280795897
2597497630
6279013999
1191579377
5115198714
6718484069
5616918694
1596987345
5517771876
1842606855
1807715644
5645756008
6989426798
5584808773
5648980807
5587375495
6729577232
1931325655
2933199383
2985052662
5190534823
2104640243
3589565662
2423325250
1336706552
1045269490
6398064411
3710258141
1812175903
5380827259
1619104644
2750082012
6595618009
2708476577
7314121479
7312527842
2688921731
1737011932
1879749982
1564089110
6196795933
1648424243
1882147360
3305656427
3194623704
2114685590
1203003525
1698233740
3821861152
2684314223
1483330984
6393953260
1294063203
1661598840
1767053271
1776994812
1458441840
1827541675
1194868525
3176804502
1724256551
2183570524
1405463773
5092881464
5160351840
2304305412
6037559146
1644700745
5737990122
2303770613
1658610592
1661759940
7143789124
3221358791
6057060487
2293088093
5204147275
1750439442
1640766861
3286763950
6997296984
3917499594
6246417445
5517038311
1737520301
3881045147
2276722374
7287891603
7307196894
6347223091
6321540324
5140368473
1991743625
2296733407
1806581504
5573088741
6094716896
2307228470
6121504225
1770689024
5104880035
1765373140
6513039271
6444895981
7275427135
2145181861
2141761681
2005599621
3328216070
1400229064
6105733054
5272221786
1942884607
1793920387
6739665117
1666944534
7294346397
5607755930
3173951675
1646216180
5527039498
5839996238
5500545510
1694147683
1773763583
2906567321
6152218594
1711908680
3204131885
2274567792
2159863893
3951710017
1495033135
1644296264
3546037087
1615757343
1407159552
2099843680
1724081390
6477703051
1088725894
1667501367
1266872942
2303502674
1643971635
1672861522
1705901331
5312883095
5285627636
2989196447
1916825084
2277114924
1705822647
5288553158
3314842767
2209929527
3861944293
5577317154
2193039797
1894419564
6195382497
1952460384
2533792692
6006497029
1735385997
1111681197
1650528691
1253397461
6499569088
1397618027
1703371307
6189120710
1722150384
5303777305
1404462797
1934210561
3893410939
2178873290
6004450211
1483690581
6583395900
3047590495
6887337017
7295306535
2827895800
1753069697
2670535683
5545236080
7251205589
1646713121
1732418574
1786889040
2388319321
5147249225
1463872011
5585577162
1684868295
2630148915
5955536043
1737206187
2550053534
3627935132
5617251118
3858832626
2391280805
6573279527
6976063961
1231624983
7025684938
2331191784
1401527553
6863622522
2787883674
2816776540
6487106821
1748136774
2479902905
6862527783
5074648251
1660749805
2133442851
2492819095
1896422851
5252848511
1977084287
1420099171
5897041131
5578381471
6150906493
5685358568
5832658977
1821885644
1918274553
1841888065
6689938720
5735550174
1323527941
5908956455
6120838966
1613962150
3838257867
5444146511
5608764543
3860019886
5314897361
6409241151
5149629477
2105025177
2857669253
2988472677
1866296807
5403964641
1017668561
1415664090
1867571077
3551109611
1732552823
6561066659
2857606391
5896346168
1567762360
7252567012
3752407437
6541745348
1686813980
5484380546
5315421102
3283455635
1746868407
1773742234
6515234241
2629700264
2403479182
1403915120
2267400467
1921802972
1172132341
1433680664
6377140766
5193950027
3805063871
5260485486
2163545644
7308952418
2192458624
1902737731
1411532901
1782961197
2057769762
5689224921
1593880003
1791867263
6770393432
2954147420
6136262180
6062510581
1863549464
1751253074
5848868419
5781008098
3140752367
5528324631
6616254908
1236837852
7306646679
1270750184
6426218649
1849980831
2109182631
3180878957
6981690878
1238896151
2386433744
1886910430
6719832654
3730064837
6992829740
1453874424
1298951045
1497041815
1146583824
1402551940
2039753857
2739518953
2562331937
1975522671
2651459254
6935485917
1889165451
6942081899
3277800653
5490348463
1802887180
2050960644
5578701997
1663937380
2245307941
1752214795
1787824330
1657158467
1826843991
6518988728
5012163510
1708353870
1878156541
2049561621
2149981442
6644871793
7182767629
5890672121
1514136394
5615545459
3761691972
6278117442
6450202133
1874034652
7058968401
1421724910
5845945845
1977046885
3549945074
1965628823
1679062971
2662662093
5321484705
1909287833
2394530374
6898015899
3185692411
1670183810
3811990435
2287303795
1826082103
2709254732
1687239863
3696604953
1668012653
1347322121
1737979690
1777937442
3182611284
2286367212
1374841987
6170538001
6285121244
1472774743
1760917667
2176991194
6779321598
1392512505
5904174796
3018069227
3037284894
1496908871
5846723204
1191211465
5486381326
6253166197
6562512577
6063193879
1310683844
3217304360
3076248705
6131451543
1756855687
5404625835
1191582270
1729995650
1025911070
1876582681
1912906431
1732261134
1282382643
7245793681
1997665057
2269443552
6609335419
6511762573
1291761302
6453398124
1762152361
6362861001
2810373291
5836145974
5436743110
1266856927
1889349865
5501634425
2482557597
1525895457
1314608344
1213634551
3900233247
2530214265
1823630913
2710191621
1785216975
5861199673
6613607359
1155067225
6491968732
6999256540
5571663521
1141308414
2976329405
1563042101
1584169463
1315191281
3899327798
3895107933
1338667624
1640091364
1517916214
6753167234
1115118971
5548066283
6227971038
6329822151
6111590332
5938866836
2731987607
1790816315
1807269055
5178490530
1093375873
1584664364
1402035482
1226379735
5900860533
2318599142
1783571683
7279768235
1571568472
1948030305
3200727784
2101702992
1201016517
6814464850
1719818602
1773215073
2092367705
2552534395
1294618542
2459823770
2577205793
6186733235
1885454921
6802436655
3978529795
7295222228
7215065702
6443080186
1216089142
6348413509
1339229533
1346261585
1727858283
1644862084
6571177490
1933171187
3331780372
1339734827
1480219172
7143618037
1692490427
7097848586
2854631220
2803267687
1736102340
1617242303
1954593817
6682366976
1699445690
5384479977
3144548107
1154814715
3561911811
5650270572
5869243565
6120483044
6753452911
1663589897
1704470407
1411482802
1342022805
1155439107
1740779753
2298011057
3622879452
6298074240
1804656237
1608326850
2120967380
1652811601
1743293843
3674655357
6498373231
1880493862
2786818550
1252278122
6631079876
5533245735
3465116764
2857704460
1656948795
1956033021
5920048743
1438614970
3967232352
2653451232
2136632293
2378928115
6361013202
5701966909
5632252757
6094245705
2034868214
3981332446
1365659550
3931672306
1731661833
5603099606
6201837761
2809611034
1677318422
1038967860
1653532061
6676029629
1690060104
1614037520
1678922745
1465682064
2169242597
6602088441
3259972511
2299597814
1074974723
1622480237
1135911342
6511505947
1642512402
1861966610
1977407911
5134620908
5601699391
1216431741
3898891884
6809160766
3101676641
6069222679
2029497503
1712950654
6192332661
6323923364
7055426043
5653188515
3199840270
1922555067
3977845423
2092531595
6226689633
1925453812
5714066718
2785347507
5672090146
1454608051
2219251027
3074181393
1863482064
7160917348
6274444391
7304329416
7301873867
2648325582
7192149925
3862417940
1187361941
3556091633
2432676552
6076047096
2051826355
1947884063
1632170517
2729521317
2612979433
5350271203
1778637365
6570749246
3823554401
2019071187
1411111864
6335349752
2637056034
3203936364
6154062059
3885940577
5603454909
1883881851
5831314089
2751965933
5238722451
3729985192
1908194624
6895002075
1881320895
1980595655
1102521385
2045592085
5730728776
1405271550
2208029615
1905701417
5427190405
6360920391
2155969780
1803909873
6516627615
3266304833
6737240706
2102188492
2004094427
6522637832
3537077677
1659528654
5077409534
1758570871
5393224343
1806737197
1700040344
6647187017
1760304505
7206909072
5623554323
2382542974
6328228562
6066027512
1454560380
6375542870
1832324531
6574467424
7043127582
6558735964
1664651455
1717941875
2099591797
1168624992
1695652643
5876947033
1868493575
1893489274
6217683074
1862880834
1497911480
5237616829
5853987798
1999334750
1171722617
1229216381
3186602720
1871871734
5540546274
2445536197
1497234571
1699540307
3287263603
2265887932
2643091105
1251635380
1940328914
2283120210
3189399510
2658229150
1743269824
6574092910
2411382587
7200412324
2155926845
6906255512
6498397799
6083555709
2988752751
1686954022
6582446253
1767364203
1195002381
2630570525
1668312852
1256146154
5239863155
2691700867
1445403190
2158529024
3805316751
1651606461
7036614713
1025742561
1672097180
5948930397
6641943034
5587602295
1748390293
5593273852
6319551924
1876620307
5479766445
1866129423
7219578044
6498402983
1565602564
2750621294
1768111685
1403936721
7189714836
1254268391
2628043707
1726112000
2967279755
1922685904
5893797283
5452427246
1045678793
1419957887
1842450685
1731916863
6886850293
6424624812
2120977033
2609142204
1950086267
5517383433
1922352955
1988800805
1794283954
1734454083
1653425710
5912613473
1215348874
1248782724
2191707743
1795088725
6508016609
1288764341
1862506300
2365961811
1357409205
5614531053
3097968112
1025994511
6335306070
2177625922
1786954930
2046282503
7299959198
5430433009
2338683750
6646798696
1611781813
2140247562
1558432561
1748546201
1960785875
1711243680
1110840514
3904736856
1723343590
1782869715
6164077556
1997682801
1912234472
1727649162
2989003355
1696423062
2418542712
1951798883
5802750513
1044918365
6138469125
1830601174
5881874978
1344386244
2348604107
5233761305
1654597004
3701555977
3733660425
2586168871
1735159283
2010508417
2814585690
5854134830
2117885523
1718955717
5869552120
1418177485
1967652391
2193262742
5592276959
2432178374
1777398284
5150595733
2411391260
1779593415
2038866232
1174692545
1842884235
2685481741
5851198182
5419654153
6286521637
2857907482
2848022412
3290358827
5526281336
2708285934
6670373770
5635644754
3270105432
1278318324
1928300393
3645321135
1303413073
6324244350
6558445359
6610718309
5503247610
5872741313
3980594285
2043584697
2968374480
6790121291
1632060204
1286211941
7082263031
2693794880
2586387593
2182466752
3187898897
2645490794
2366448920
1067254393
1798618264
1731141821
7215875228
3991229601
2071842165
2318910945
7286559460
1977889537
1800273917
5500868975
1827165291
2577139143
5772438975
3923659030
1059301790
1740835250
1808638663
6352254402
1661253030
1108728230
1407187474
1205215091
3382806064
6860583751
6221932120
3842046030
6423103438
2546879472
2717013203
2241501514
7310525500
1145731012
1758527981
3194153385
5015210258
1884324762
1917884865
2764505577
1813722464
6094331291
2111873101
1795334030
1771362022
7187191351
2043095543
1380063912
2644979951
1778375693
5173583894
2055329243
5129372610
5597161733
1894056673
6699167230
7143724162
5263934901
5308539472
1661412652
2091105660
1338451924
1741255865
1759237631
1469056512
2196361134
1702872865
3146657074
1728278277
1914642441
6661308091
3949671123
2174936781
1403078180
6445315157
2701464235
1403794350
1409344733
2095328467
1401101194
5577632318
2145315721
1644948230
5444593531
1497322247
1052819080
1415463581
1823699144
6064827542
1733135983
6579111437
7239011467
5147886964
7250813022
1566590494
5826199431
1913579602
1825700663
7315637696
1871855865
1419017401
1023925181
3168946362
3195757574
2828204371
2042962053
1905549057
1856209992
6618806075
1745862070
1909841883
2132740637
1628431657
2483757051
2235262161
5279679749
3992019742
7282005788
5622976936
5520857773
2284864815
6003614034
1287463264
7294372356
5533723586
6882481489
6012126127
1603078261
6625249014
2945174397
1660895525
3866971988
5267092751
1575301177
6446144253
3888687394
1828724272
5596005553
3956901081
1682207150
6404160365
3630093854
2084131061
5990821432
1764194464
1442571775
5768116341
1044932114
5677973515
6484048825
5993933424
1188203673
1636000110
1117069645
5758990936
2002726120
2970036311
2925297953
2433410055
1956360417
2592939187
1408752895
1097106961
2282824480
2321615032
1690760727
5173785378
3974316578
1669545734
6557414342
1230801857
1340723374
1730813814
5743386999
6130657969
1393034157
1791126187
3657753190
2717791492
1682017890
1823796270
7001391314
7301853864
1677916677
1158166641
2338793152
3173633817
3227874423
5677602570
2606768367
2287691590
1721092992
5890679144
6926142387
5743525008
3345800164
2713265132
1880855520
1640029171
3935181301
3219634437
1686570127
2057452471
1613830137
2268143791
1763388183
1695936437
1506595000
7288246750
6444040801
1851439687
1195188461
2256231983
1196630110
1877988497
1230409035
1882193740
7021240863
5656720878
6754026723
5626277123
2264713730
3093135927
6525437358
1495452561
5845609173
1733280894
2697300797
1855968425
2730770291
1959137931
2295837162
1964580172
6303371680
6502003947
1794491910
1741538517
6556995560
2829463992
3312088620
5979001958
1619161030
5220761691
3519542561
1787571527
2850359405
5537706064
5870337399
3195592040
2833621453
7057415064
3204958613
5391596582
1765285525
2113575000
2237927912
1179809705
6019779040
6764867582
1811670545
1282025522
1879359641
1753237133
2977116950
5264256400
1638802544
1813359803
5463224833
2804982290
6279636424
1744187430
5146926397
1755386293
7181460010
6708544799
2733607265
5871734114
2043878715
5968038315
1715175054
1496814565
2611876957
6980239059
1781863931
1415636805
1497042545
2198778410
1769469393
2302874051
1743757504
6508991712
1686560887
1773695425
1632798537
2901530325
1894155902
2452389287
1915331350
1958205210
1879858742
1241282897
1179198244
1986561077
2185516500
5982398082
1197706145
5262560583
5923135834
3083109981
2082761703
5237621240
1586923571
6734148655
5921199319
1414660523
5697892193
6447071874
5672635567
1900959022
6612265202
5837392239
3563206841
1804080767
1886672467
1594296825
1952808242
6521591936
2916653671
3323373690
5103991260
1683013732
6537048980
3866435809
1751168632
1630075885
1429400312
1716849731
6447304883
5517617554
3268047813
6601417323
1742566624
1800328173
5532255742
1310584053
1826193391
1215468900
6486360237
2636696247
1758563791
5721431005
6092441647
5819292350
7172217316
5333345795
6184122426
1089314290
2815280330
5217284498
5863466524
1035479352
2241004165
1676267541
1630907255
6108960087
1010903745
1682068313
2937806317
1864018530
1739986073
3715606923
7301128899
6115560351
6533223830
5177939672
2057816572
5751058042
1680078915
2215736194
1875782445
2075811071
2943080605
7312703684
5585052741
5881123708
7005101004
1784020142
2979337291
1842431107
1715850653
1954290317
2419390267
1440021635
1641492310
2368319903
1806712494
3551937344
3514664437
2092409355
2291622014
1494866885
1808146940
1714245622
6909355402
1757988591
2166875672
2645006320
1913382117
1952489391
1778681215
6424572163
1567849301
2027970371
6203200278
5864181936
1089245190
1205194452
2060976033
1771486830
1768006845
2858270197
1916426743
1279851821
3003417781
1735438117
1763308503
1062623637
1618902703
1587132670
1700686697
6368965125
1243477063
1080645685
2728041997
1464054484
7181044751
1890872744
7033790120
2184470524
1068385283
2121667213
6513652583
2470833827
1527347404
5219213639
1918215993
6892719978
1793848741
1301523397
6815021021
2266919825
6609513921
3192339774
6461414503
2424740417
6408925042
6499734032
2901380092
1431035780
1881148540
2177245391
1664176597
2560577382
1911664794
5234196544
2062041305
6418389943
1958999137
2194738364
2284354094
1712205070
5107743454
5145725878
1864530180
3216090784
6098189255
6040598118
1291747473
1167147710
1849788142
1081273845
1068110634
5849554877
6545477221
1468313265
3098456133
6423600287
3209569722
6405349088
2294316500
1772785672
5821390944
1229725155
1256273927
1935927833
6044238241
7047769424
1093108670
2763232285
2175409554
2400672847
3849473807
1227908800
1419311437
5919942933
1744561082
3467545914
5269925418
1601679933
1270804312
7300988691
6070114011
3065426175
6878431227
3173216505
3314027541
1749004134
1097153822
2357213493
2194868354
3179151434
2355658474
3204188594
1750827345
7265223615
1651151495
1720173771
1932897893
2857811674
1885494567
2282551273
1772298061
2264305204
2087327765
1898322577
2363158430
1645344371
3219435920
1261115705
6023841411
6384939898
6697099142
1771295435
2472733717
5586009934
2640800883
6622641611
1301459410
1680068172
6492195720
2071924962
6632430711
1565366237
1646847251
6399357343
1248288203
1644909431
1700306862
5665757272
2276673245
1403803554
6714261379
2284260107
1108848464
7313759997
2366726874
6018489539
5247804515
7310727482
1568330177
3956517320
6118543211
3579741780
2887964854
2452089295
2012369562
1663793510
2003925703
1795886220
2250388074
2623895331
1948287971
7103073792
1258846902
6574677482
5703181395
1062752071
5831949310
1032063592
6431659706
1589153251
3644740651
2326493977
2413774550
2029373843
6159487799
5601768784
6581238914
2629740053
6058162271
1293066843
3698383227
5571763522
1822796164
2393731691
1355731323
1706500860
1430045430
1822179741
1745594060
1854368294
1607728553
6366579279
5206356766
3016011261
2552074982
6761295455
2189910831
1405660137
5450042745
1686450581
1764244832
1801110962
1596329427
1437874361
2891569610
7012251969
1459089562
1885642102
1096530647
7250768539
1883223133
1043848755
1583509885
1947828962
1786765463
1807916335
1399432273
2689863771
1745476105
1699583741
1357171084
1908603541
1680959837
6755658133
5466919822
1815656355
3149081847
2598375464
3165040247
7201646916
5724261653
2110263617
1175739185
7296259464
7315218298
1211556895
6517804268
1282057112
7199285329
1455428062
6795992076
6540015776
6879091352
2833259562
5917804563
1352970071
6304533863
1496911830
1762261032
7283988426
2018169822
1496863563
6237773687
1740568367
1031213131
1596684260
6838628453
1960554287
1706735440
7111023118
2664054247
2521277214
7282588207
1433085872
2929345161
1506142182
5498220176
1912945682
1333485737
1757058731
1114141955
2274065954
1888116862
1898286353
1801424850
2322869707
6813258450
1729150543
1404313052
6363394441
2403605513
1585247773
1276411190
1678774004
5755749756
5144465848
1681163445
3269810644
1531253003
1665335994
5339767312
1613678254
6576577178
3275115274
1054861732
5955106173
6367457146
1738734804
6289430183
6707316192
1301068995
3136102531
1549644252
1948620164
1511423691
1801710007
6586673225
1728097311
6622479169
5499991073
1738307137
1098173713
2864572040
2759751670
5551109348
1093276892
1687243315
1547693947
7196525061
2471736115
1279693157
1233624795
1806446424
3962657498
1120663884
1641537524
1233143520
7039843237
7268415179
1750680973
6248293684
6881807107
6633278025
6861456880
2389248355
1738435854
1401561827
1089451005
1248901503
7076205141
1776638721
1949112803
1943025124
1843613455
1412779214
1787385115
5997717676
1792892330
1645776681
1424710994
5317352816
3247249013
2172805121
1639404737
1883353895
2290122347
1076834657
6991381540
3721282563
1910349681
2286192014
2047306674
1767411727
1811571965
6732029010
6589825840
7273662340
1001277790
1918701632
2432441407
2280752737
6588964618
6865474126
2509065064
6927512217
1970132217
6415140582
1770074404
3188660912
2034130371
6982536972
3818860157
6557435496
2481431391
5704119647
1373573074
1959830294
1154288632
2209869711
1612025380
5147306735
5646425337
2692486652
1819935727
1498075523
6038922387
1741954861
2091102910
5190211006
5498766699
1888014637
5784465866
3880770261
5143233732
1720651833
7264589101
1957039891
2614899162
2331585822
3048331457
2244566114
1806650994
6991857094
7311035891
5812158054
1270493325
3430253554
1442994101
7093592511
5633354387
2715040284
1371184973
1297188750
6595695478
3575540277
6350751179
7138321450
1891187997
2768351711
5678690954
1960342091
6517005694
5389683779
5648953990
1063417971
1873398564
2528611791
2570753704
5607032695
7218848985
6585751843
1707078222
2211258574
1846302163
5943595658
7263146057
5646829362
2822597827
2371620755
2418485244
2879178932
2181711331
2120780635
1896073021
6465648493
1646222093
2629977172
2287141594
1413005717
2051871693
1410126122
5542263894
6064275439
2190140640
6970753998
6414542889
6587114104
3795347892
2045469851
5612465511
3002779887
2674817072
1416225865
5060681723
6235506347
3786267752
7311549856
2280483794
1888124027
5828278837
6547391406
1802683811
3220046500
2137494940
1771723081
2289537274
1854571861
1655367423
1406514242
1088217215
1764391090
2062791193
3290107373
6364658720
5905785181
1668726803
7200919432
5461853682
7313117870
1730276327
1652559683
2258727970
6678319311
2328706770
1251161973
1635110200
7137940554
7311920105
1849069730
2437211542
1988124285
3912468185
2983904317
1731910642
7170624296
1748349285
1712540353
3199597337
2723400923
3796147354
1416433773
1886906121
1752875020
1457669530
5634013749
5462311253
5639247922
5625539088
1912171434
5922845145
5151077293
1847768447
3069549735
2475204140
6493954619
2053035235
1632990895
2906518967
1884841092
1964196853
3936762439
6599424843
1698451755
1820765403
6591167968
3220765695
3758879277
6367344800
1040163605
2265902704
2012524363
7070155999
1772002900
6471149905
5777486444
1402485057
1852439751
3204782330
5121005277
1830336170
3057540037
1841838153
2205959704
6056029094
1663361480
5855964111
2286810594
6701438253
5480314602
1699828573
1746159404
1772138247
7241675836
1627351167
7277115501
1890014095
1914593867
1830587750
5629368513
3320547601
1763681564
1771752057
7041695712
1293209597
2163417693
1667285017
6013415127
1934375194
6787844603
1634375627
6582713545
6691920829
2394264374
1092785713
2396380975
7288461023
6086588960
6334243520
2018036207
3579809757
2463663090
1826923690
1403432544
5111106774
5554258198
2669354655
5582089449
1646255843
5648070455
3288130994
1752998634
1691258434
1893806714
1752953174
1648894531
1261823123
5667671460
1744833443
6522566955
1812423571
1249313353
1989532763
2904218554
1593933550
3204156530
5403790128
1899935141
1842291705
1906110041
1618328577
2252363947
2650143873
7014094103
6513525491
1163218074
6587004840
2098425030
1833439770
6927243689
2429339180
6404817320
3891299837
3110591303
1786777117
1406229470
1560442584
1905054665
6719268224
7287020334
1884996035
6304048951
1423241690
5899459191
2075733533
1114479790
2464127051
2681656543
1670743152
2678297837
2253456227
1364144862
1277066101
5945200907
1587323695
2308955177
5575692644
5657583071
6691388937
6049328291
2802107682
1548674942
6994398742
5822024473
6124016822
7050246781
5266121811
1946534900
7077466090
3675735794
1884373794
2688923592
1845055581
1195332051
6635013376
5216087137
2338613982
5210838679
2384620170
1884627195
1331413263
3077372124
5244183267
2475050022
2984695154
6231522929
6085826290
1682352065
1857531860
6911317708
6546500335
2875016842
7292218128
2357037095
3227910883
5604397584
6046031755
1058621280
1789467650
1907166177
1709282765
1731641225
2345519713
1046485715
5449687795
7265732792
5876442350
6719127626
1620767105
6546554588
3150626393
1648544895
2087041704
2218792451
6724090452
3903311091
3036624473
1586433753
1862053730
2984434993
2010407993
7305172900
2470162967
7127037951
2260669392
6528536920
1719343035
5079619679
1719851637
3036901425
5349685649
2887803564
2962312110
2636499883
1769741763
5711710471
5649624264
1700432934
6059487920
1648068057
210947891
7211287279
2810507521
1678397154
1749773511
1704702183
3948549463
5088665934
1758778417
1074273855
2929761803
1808120942
1497151510
1824551440
1950596297
1428006751
6324663077
1080805430
3174195063
1251889924
2003808763
1787900610
6632327439
2214838982
6538418339
2324376300
1079559432
6526315086
1272086304
1760372655
6514077838
1505838540
1671373291
2141730992
2812209774
6034232298
2380298561
6163279138
7057623282
1600401482
7201752977
5880200983
1188552450
1899702230
1198922655
6734859636
7311163284
1837178280
1592684195
7005382475
1935396210
6746001106
1806622665
6238787862
2164079007
2880620770
1846763682
1865328010
6762417916
1907274181
1950341365
3164094782
1088767562
1786902461
2090937623
3169665365
5032593200
1884808963
2271846294
2704927533
1405544475
1473172483
1571804950
1560906700
1825914203
5148872578
6480642961
7307234385
1155179430
2800245142
3830086325
1795921871
2291397804
1311321062
1701367442
3819513873
1765355610
5705191799
1406419784
1210236820
1251721464
7295083813
1865870225
5130146919
2793691324
2309388480
3603612184
1644767390
2821638943
5172502012
1958473427
2958254891
1427915621
5979269345
2048229695
1223812162
1026596364
1638649225
5321748886
1978347761
5586189594
3035582505
7258702640
2354161332
1345200083
5105831108
1915646740
1640337222
5617190224
1375337135
5018739405
1787628501
5786394873
5663590461
1608489831
2570976111
5634292592
2149523167
6238709471
7214315157
2527265745
1656966370
1495673435
1234869145
6442541552
6637628703
1966850262
6760972908
1819372757
2522737602
1696780221
1713113323
1940797061
2548513190
5346192785
5128345773
2310149174
6074147427
1402170633
6444377883
2282822115
1289742692
6602481748
2987769680
5879121085
1799230111
1912162341
1400515175
1769544670
5503261708
5980124091
1738262784
1796741681
5436970859
6312652915
5717119109
5616956605
2274513002
1071006415
6507421467
1926039740
6189454955
1557239142
1757258093
1956498357
1856267015
1904264723
1048887772
1203564627
5514138404
1936078883
2103472401
5666879957
3304893401
6792447179
5644727559
2801058380
1654097502
2812460673
6427712174
6005869703
2675651927
3722570854
1867919233
1643204651
5583834986
1860453042
3180807054
5307245612
7147735347
7276159963
6354884526
2259007220
1564019125
2283918632
2575008657
6724964269
1803016247
1400652955
1640072531
1452514537
5663939349
5462832802
1783565850
1258679960
6815175302
2611644743
2481365921
1374165090
1779817270
1407468471
5025358559
1933164825
1362649451
6338742905
2255442044
5863577929
6120606419
3189128550
3517726484
1967654655
1051292340
3149045125
5262068374
5417283742
1850528173
1345948152
7312852284
3158702405
2644948161
1889511787
1935853563
2561028084
1494759712
2322312760
3793249871
1747804012
5577450603
1550379824
1741882667
1883839230
1067314604
2299593807
1883172084
5126735993
2475699812
1770414441
1270230785
6479061725
6234263706
1885053303
5336005842
5727865259
5515801031
3570370945
7073988150
5615217279
5305078356
2688975062
1647688972
1420947460
1825938771
5181265843
2886022180
1407610405
1490270280
1823610801
1700720163
1981989104
1679008462
1629626682
2679747021
6516758232
1488683510
2936457694
1768171250
3536592704
1390572973
1748771843
2363052912
2810192342
1150434204
6395502508
1821713823
2291429207
1694917363
5523709983
5342812132
3962719063
5384771805
2767624695
3204313415
3880396242
1357214550
1765350971
6355176057
1234865357
2776966091
1342495172
1829764737
2245969614
5139226538
1659423131
2302273212
2823416001
1877544734
5574670866
3909154463
2111400524
1169406732
2993049293
1931412611
5761419631
5589247667
5854806831
1255595687
1678207644
3618136344
5155425590
5466550668
7152265573
1806709994
1052360922
1274336801
5152254940
6975938896
1427354061
1691250947
1410843462
1761100377
2639371220
2802885487
1795333905
7308823444
1182658045
1729158844
5039036869
1768395871
2248920315
2373603575
1402955971
1845976004
1790278701
1905997557
1805228785
6326835034
1749277070
2057052377
5545046106
5562292930
1322056211
1798209111
1675397604
1692698823
1854708725
1912714554
5980344952
1832166857
6448213194
6560188619
1496809922
2711480971
1760938994
1681327405
1744823950
1497685273
1030018357
6592884741
5544846343
1879580655
1862036640
5102905533
1210694983
1724273862
1739102877
7313913494
5083776799
7156528857
1824301624
1822083993
1757251761
2090374014
5896253061
1733521334
1684936355
1738267467
2246274362
2207662417
6597245834
5545586896
1409823560
1651047542
5982752652
1415675777
1691702622
1733701090
2369719722
6571959991
6257452654
6353132395
1912150611
2787710621
6149168517
1645438592
2267600232
6874812176
6037886102
1627909750
6500887438
7047080820
7315033901
5780234554
1916801995
3488642370
5612285897
1686165295
2202418750
1226939210
1956515714
2524646550
1772333150
2026687347
5367090899
1322308864
1658219265
1730332987
1757680253
1687358481
1551159760
2382064902
5353390399
1222900173
1102309111
1490372962
2014407730
1895467352
1235792915
2741016501
6114830371
1224036630
6693824203
2369379394
1544593902
1847662497
6498926699
6477210358
6403261311
5911919074
6630036713
1865886352
1717721400
1830159990
1704832685
3125481495
7098005307
2591287985
6723106704
6138503851
1768522550
6059221617
1481387087
1736204084
3194134074
2643365902
1830392890
2128427761
1829066984
2247548397
5658277564
1668394103
2730974032
1300742394
1652810762
2314841091
2323195050
2437934950
2014878391
5215147809
1500507572
6155586330
3082676041
1728837654
1738725011
5237053116
5322823380
6928059946
1694648071
5228427934
1823778612
1974945511
2086541591
1777135185
1415676655
1823791077
2658393870
2568309141
1496827227
1075317610
5255814135
5479069651
5944149518
1778264577
2040110461
1876879003
6004320380
1759473703
1106363614
2995728330
6096968968
1567382390
1319475951
2522571447
1676868877
1729408273
1355606977
5292072017
1844296474
1839167347
6132451836
6054307151
1893879822
6240110059
1220945814
1747303362
1436973321
1881760352
2030605153
6359250380
1784483183
1764317953
5624284614
1704898724
6079529364
6456425428
2091373893
1680840483
1914450674
2488110900
1798275315
6755976887
5838482628
6499770711
2731044855
1879170584
2035893447
2959953997
2522348994
6515553456
2431651905
3772301612
5884966054
1089227282
2836149552
1002937771
2667653463
1849015022
6916045128
2203948804
1426211964
1083372685
1684992301
1912591053
2802115114
5043948000
7287294021
1066324537
2789616391
1560638422
6870224374
1656227820
5093876590
1792175631
6227929000
1094627834
1772232724
2132548170
7311853857
2383992533
1250687015
7294884967
1255998085
2405566711
1743531423
7172503487
5918801083
1746038143
1772440677
6342327181
1662442101
2948080847
1337468420
1067968100
1968586705
6264660911
5419450662
2197670880
2751056452
1836740594
7231626493
5979772793
2331030284
1841129432
7270910678
1785707570
6863272259
7037493282
1934087774
1502169164
1412758841
1611733584
3743696607
1841973125
1182722037
1977210954
5046893324
6718571209
2242443774
1891121432
1312300620
2698439771
2453653504
2858977185
1828543234
1802191362
1376234365
1853821194
1920297837
2315475995
6493925592
2880823930
7245743732
1956946543
1975072452
87188310
5709573353
3212895264
6437727426
5951836932
2412329707
5910913550
6756482870
1280581912
1878713762
5838184153
1826040454
1405234363
1715023333
5942901962
1923249102
2682908944
1744257311
1996779175
2707703161
1271403002
1767330501
7017108544
1735844197
2302404162
1698420307
6737442446
1709092505
1566443777
2058323431
1757511025
1808259102
6826871741
3298489457
1189614654
5344792788
6351849037
6966526923
1454711210
1829496883
5589265547
5788775034
1733087554
1698685491
6102527827
1766018692
1924693625
3196240854
1914862911
2159363534
5457743061
1564551285
6911543947
2989054987
5127962991
5024231994
6003438023
2166728062
5604879461
1883330757
2117434610
3825109680
6021751787
2330136810
6502666289
6866091762
7285510319
7314780637
2276861350
5823189254
5609650132
1663734845
1786937891
1672265330
1896456970
5156313848
5886169814
5425703566
2812012920
5887175670
1400600795
1799999223
2391173975
3168588664
2580957131
1497565303
2519726424
3635256361
1801929707
5974735671
3121450214
5811522202
1821606457
1171094905
2900393027
6257462682
1326499094
1965360751
5691504220
2428208735
5369689800
2685377983
5882951422
1043849843
6012865714
1829272853
2602485724
2432834691
5729319316
1298775135
7275416384
6934229297
3746589141
1147071504
6424577234
6047401413
2186914740
1724888105
1762837105
3863693052
1312827012
1400349600
6991392957
1649522970
2251883674
2607489605
5390000634
1952130815
6407426882
1367679907
5652841679
2527322652
5628362641
1757635273
6527206713
7282892738
1964415864
7063359695
1894119757
5218846262
2174197057
5165606023
5649599819
1693390212
1669600397
2959717577
2509792793
3218993053
3201259671
1640577867
1069393845
1801405455
1266202937
7299342631
2006095080
6719460477
2194275461
6724045536
1703580752
6988142325
1433797987
1826945111
2801001672
1198056135
1971162667
2826343477
5208362027
5689978096
6082285286
1773422552
3295771470
5847365669
5604258919
1948771505
7279501129
1679061793
3034467067
1842136381
2185753364
1601606214
3170475315
2150148053
2252432865
3741105357
6978811710
3982803458
1994638267
3275481613
1421066524
5644500251
6200957452
5864149934
1920130857
1628389152
5676276186
3198084142
2000133461
1936517974
2154859142
2736419134
2679704014
1769281384
1642749330
1792163927
2680339461
2060837747
6485801319
3705738175
2002098011
2579212447
1996528595
1788911247
2802817292
3776508180
3399354274
3807764749
1852189012
1683934257
5395563651
1656844110
5079349665
3974718927
1810026874
2994788330
5966474652
1680436113
1211435723
1793229760
1883564374
6011244278
1747360877
2157265392
2294816804
1260623972
2542121925
6449023357
1748613651
5016970172
1803430353
2261904373
1876943407
2681016114
5722675457
2121320861
5300298007
7295033615
1792189104
1742937537
1744868817
6622215805
2197166793
1905099224
5861089789
1735797623
1649890912
1846589947
5313670300
6021996284
1222221682
6525927957
1752279762
1648953695
1845935593
5032939462
2480489811
1779097775
5260560156
2446387724
1774091852
1670146627
1854186090
1350433707
5863614707
6347215887
5768140012
1823995354
1824503260
1739085630
1681132134
1890201387
1917649391
1976424213
1886015542
3566646574
5297833470
1598480335
5173146330
6513040747
5863536655
1723668555
5463395537
2259906485
1660941241
1730934232
6253451019
1886526183
6604672294
5886291551
1843168605
3225714712
2006455031
6887960635
1805870543
2212433192
1974568711
1488552075
1687420465
1343527717
5898154464
2629163440
3886861759
6508228210
2005591041
1931051115
5994840628
5247815858
1900273580
6112228723
1631298250
5308259013
5362491835
2277992341
5587557648
2270492815
2274941844
1750876531
2182805322
2366517924
1377693580
1578955834
3529284611
2535201472
1880471322
1782439517
1402829437
1677365273
1809067754
6781698446
2875340742
3819620848
5553794589
1347756100
2372857657
2281369173
1856229230
3798293997
1814878335
1746668092
1256972505
3462763754
1827823800
1884839312
1949734840
5593783872
6539222708
1820312467
2091389763
2696443677
2959124283
2196391180
3091421455
2174534013
1987753935
3767844851
1633847395
1952575031
3169331647
3296031175
1846713837
2021640241
1751758387
3413188824
1364115382
5291903197
2385282560
1933694657
1856118987
2185608961
6224244995
1850550517
6241127361
1949998427
2262072917
6130649609
2964545654
2464775862
1083178523
2178690247
5638004100
1079696790
6573174000
1762114174
1936837302
2831637250
1402651051
2288043312
1942306557
1937391647
6767321459
2425621107
1766954544
7233359713
5936711158
1897206315
1656979800
2638592881
2071663674
3983700756
1190408297
1698255570
2107335581
6574919524
6888400245
2033128773
1293486472
3265274932
2070641753
1347544071
5991686055
2467036073
6063179076
5993200293
6089385551
6603837029
1709121233
1914092022
1268970762
5338895597
3974469906
6531806141
1979604524
2190052561
5592228453
3191105810
1730153845
1908085335
1726294583
5653318570
1814956030
2329124285
1760463144
6831021550
2630645521
2785955834
1875757255
2030371897
1158219877
1868800675
5143952113
2260828962
1734373132
7009206484
1950308484
1909679453
6071715918
1231952551
1884334303
1828824894
1826391192
1820171460
1965971160
3176389247
3556146282
1652276150
2042428623
1553036172
1818265322
6304887451
3032064021
1403502910
2991772740
1891613825
1664058412
2492287940
1654104485
1204511642
1733940421
1910433845
5537137320
2258938057
6931533545
2474357337
2393680140
5945439275
1929676450
1902631530
5690110750
1741300170
2168068494
6384819274
5367228965
3217179555
6179780503
1774507253
6900094636
1655148434
1665241021
7274813420
5582797297
1368300252
3184994351
1598030333
1645795771
1782528287
6853169012
1700253571
5689610166
7284238857
1747475717
2280128311
6736329316
1841370197
6513278735
3549291587
3117671337
1870825025
1643264373
2018658895
1138776024
1874809163
1727006174
3951680240
1911581757
6447442517
7278523216
2839871432
2430219602
2249381920
1985543960
2665599232
5832939386
3048252077
5919564404
1930855877
1842361385
2247050043
1623080943
2134990001
5352653165
1905398953
2686961104
7140715550
3164138154
1086233511
5554343365
7186000644
3175062627
5906929910
1935309720
2181672397
2205254504
3907907963
1869452793
1625463492
2843530817
1676791242
1402324311
6904379459
1769268700
1825172933
1661758487
1663969315
2325511004
1568450860
1769476375
2511278280
6811931445
1769825344
5453511540
3879963952
7295656495
1773605345
3314397772
1132586623
6388937028
2572466172
1664626473
5180364937
5697859226
3916178893
3490360337
1649740235
1839667475
2312330067
2386041467
6611096981
7147082885
5947074262
5392149627
1147298365
5639358253
3579682844
1808449333
1824335843
1060382804
6886887945
6014436887
3303370594
1748558110
5822930027
7238353210
1596420681
1926480144
1772731391
5254095949
5845858324
1633903112
1765709252
2264410012
2246083305
1632178025
5945417720
6170935790
1688498547
6592979710
1817932931
1631715052
1769537317
5977773505
5683851481
1087763123
2647466363
5345679093
5264446760
1685871855
1192249172
1784193121
2816283061
2127048457
2247683665
5569579736
1789217487
6840305189
2668907393
2383193042
5666010325
2105821043
1688756124
2111469591
2408612615
2847887342
2618803865
2268401155
1788736095
5172180489
2282751051
1931693431
3090524383
6380609979
1827633631
1192340033
1783543225
2004328542
6499137870
1709879311
1691926420
1797987253
7304687697
2004268785
1897356380
7148272270
1691260001
6047564827
1883706005
6615689075
3498049532
5880313551
2060865993
1810298357
1763760351
2782266763
1864135524
1752291690
6560111539
2194269364
1701628061
1864777393
1653981791
6590665048
1841504172
6551832877
3762825331
1703919130
7101205702
3092528093
6718432943
1285026480
1402530524
1774658702
1400028832
1689557694
1367610417
1670062537
2269969264
1584963441
1221637641
3282659472
1875938827
1738092885
1684360371
6523490942
1442246695
1758345215
3821586761
2142570980
1465746540
5884548832
5522616643
1886848442
1420140427
5955705780
2425650995
2529559800
3578912684
1629601301
2308792272
2304272080
5168038520
3882058665
1728101282
1886749794
1776618823
3345487440
1726634474
1616571855
3278735524
1878775150
1097335564
1748740543
1874549442
1758169323
1271089414
2418179934
1937231163
6374290938
1232418552
1794526300
6052736065
5371042076
1738960375
1750429704
1975959161
1190234393
2011731475
1247618537
1907198077
1220676652
1963703807
1506293853
1236454562
1229361080
1783158642
1678314927
6874818994
6533764916
3905622849
2813045210
6432840576
2863204154
6368702473
6418957821
3216356873
5819751395
2031451121
5604865432
1836343734
3995224446
6594530195
5013668220
2447248383
2420703255
1819456873
6865368202
1644401110
1893149103
1803974613
3985215380
1262242360
1322241907
1617566333
2872060627
1803858525
1939397622
2623002862
2172331947
3228164503
5546717057
6361172905
3608601112
6803076945
1795550965
1900722705
1795833317
6107563095
6518136374
6321936402
1255072775
5654686692
1634094711
1681607062
1573355695
1925995155
2450137880
1749658624
5170938250
1627018921
1773512120
2933403564
5166216276
1744026057
6742021029
5549523970
2286319847
1869791105
2344239031
2478838621
1665025625
2036005705
2716030311
2019469545
1935104792
3217422975
6531558719
3288505873
5778803490
1746560200
6461959751
3598633043
3835116102
2552820435
1862695480
2020163555
3884490595
1808244527
2431078520
5581669244
1729733065
5534280454
1650673250
1795325303
6996581264
6960822741
1244767010
1983753327
2881582092
1762184703
5960468072
1662753444
5098652969
3954985050
5631741566
2677042071
2079185253
2137354430
2152213112
1749277380
2295224931
2096488817
6071118561
3099896503
1778751545
1793057455
1906286443
6513155307
6600861294
1079003352
7305594528
2198240964
1646759185
6505397601
2051935715
1048994080
2307031354
1258582703
3973913592
6539926293
1662235833
2238954255
1854074747
1787155477
1730809693
1770252433
5282225341
2176931977
5260194884
3949237796
1597815921
5614650164
5802453984
6591991362
5032546205
5926378285
6507495567
6639227163
1935084477
1646725504
1734328187
6974201624
1710440631
5084512008
3303470317
2235244840
6450748338
1591684244
1644792632
1661608580
1408125600
1913568301
1695031381
2873850802
1692712653
1344956897
1677480261
5346905169
1635885402
1900964862
1582791370
1747942821
2339135984
7226060414
2719036827
5836562753
6597798991
2245647581
2034801572
1752234792
1052404565
6582189296
7225963146
3164942800
6085605492
5660170943
1494761561
2528852454
2341423134
5793244506
5661765703
1649999413
1662313931
6838790993
2929036942
5021848695
1738171957
1748285415
2218403957
3186175972
2527547094
1681217252
6810732501
6725906589
1864462780
5545915441
6595516295
6142630482
5797813836
1434701294
1806314593
5496807536
3098609681
2571286965
1738169604
5042773641
1974726163
1927445783
2874644722
5681770827
1810447725
1835393323
1831077125
2093437955
6986193509
1222430350
1751786562
1797100541
7243395716
7312023445
6346469407
6989499027
1192113455
2737837111
1912273717
7065297108
1882537041
5375662693
1720100760
6614579660
1750869982
1916899633
6305845635
6405076884
1820462645
1654887265
2506871672
7044575086
3626429021
2181047413
1105989411
1734373543
5100463603
1945603561
5328345103
3889623798
1709993390
5874584452
5373269847
3028638595
3448453664
6528569460
5394390286
1768334342
2213561393
3076231152
6315070403
1985056033
1977044831
2850940725
1651478867
5793279171
6070772899
1464484735
103984
1441011531
6291416191
2726763504
1740907497
2192435767
1224180577
1986230685
7287820334
1655821333
1827670115
6974873003
5170942053
6080020630
2397955061
6351230063
2959414101
1890186217
5095975457
1143594227
6528643387
6586305031
1573047053
2127842455
5743911236
2907818495
3911214298
1874784325
1046240787
5316433888
7289678781
5963958901
7035997574
6452507530
2235269554
7182756791
5114701632
1925057710
7297894880
1591408983
7288050940
6002491801
2003514625
1717751023
1887577777
1922474203
6092992906
1672238067
2051792345
1187661411
5847319744
2688268075
2354174675
5146536074
1239253750
3226752882
5972505998
1907509015
1168504694
3991726339
5820068605
1241337644
6671729004
6191208248
1265965213
3110174147
1776630937
1914052340
6283812170
6232281706
5827740826
6163637433
2689572391
1073553965
1206065735
2839107347
6183006178
1246154131
2709876063
1893278624
2030278523
6717812913
5638968294
2656103204
5324422488
3502634573
3974356006
1652312023
1649111590
2128988813
1761948290
5847475496
1720837167
1781880001
5763507455
1134606961
6170166105
6737038776
2594517390
3275714271
1283094020
1792164610
1431554591
1651943562
2127799632
3145144913
2048917272
2092379075
6352612670
1236319505
2697610013
6311645596
6198684550
1868513102
3226194672
6051802122
1823451595
3232072061
2034615317
6459940156
5841933090
1216607987
6118829861
2206513887
5513672750
1797713795
2570205077
6327416779
6394742569
1497329324
1212890110
5491707073
1883740884
5585316677
1138842391
1746743117
1276385411
1763425743
1781382851
1875577117
2255163752
2694437511
2144307733
5362157989
5514401335
1728954334
5605261407
6666149403
1298612082
1168466855
6041450936
1019494237
7076756547
1405171373
1679671065
1930264011
6623459858
6493981048
6519631993
3952754522
2382356540
1750089420
3170932017
1903951291
5277392898
6430578059
6225990601
2526426210
1219425841
1872265914
2820272015
7245625186
2619669707
2288068615
1745865722
1060682921
6001076698
1882002182
3278088541
2006125521
1559563953
5664508854
6528707933
1740854483
5557475134
5538305564
2731107233
1802426877
5283535447
2301009661
6998679194
5890616415
3730177300
5326065595
1963341941
6286321083
2745879491
1270602642
1146701982
1035933493
1724367710
7004852653
6477395686
5986865369
7222266934
1684451290
2010844007
2596554803
1239246050
2262941564
6124700343
1806697861
6567521352
1855380755
2796443291
2418684734
5997605338
3160196775
2066790525
1163858357
1202968283
2985748642
6442634013
1959698641
1257683741
7308570526
1884587144
2054300185
1661877547
7151954629
1274176302
3733171987
2436175447
5548726381
1862496300
5042513323
2792742120
2600992990
1669280135
2475963887
3181937452
1644458353
2024733721
1745544707
2521227290
1450862317
1828251910
2019251271
2378705572
5936629574
1828564760
7195333393
6192247898
6120827973
6363445910
2482456740
7268037980
3921730119
1250188552
2507388547
2726698224
3238729482
5655216956
1133843403
2549315545
6363844578
7295783997
6504227134
5885579338
1497353684
3018368713
7274687626
6602749693
2858947502
1033758830
1639537301
1774140410
6504944573
2039026813
1497161671
1797282593
5253549570
2612078977
1581323203
6792301046
6486762227
1722900343
6574978729
3493582065
2788609233
2620867867
1681606392
2493592183
5614350686
6540305232
1564429667
2280542912
6531582308
6979627703
2177020450
3993805326
2139928593
2991306050
3167117114
5724914000
5461689476
3652432757
3200673035
6514705104
5111847144
7043088229
2656135443
5684258597
6073344329
5203963783
3760146835
6880775783
1926909715
3710603021
5271523042
2821790692
2683376082
6081336422
5701449711
7306524251
7305756844
1941012674
3163021600
3188499900
2163797672
1870020630
2676045010
3556771421
1888730365
3480713450
1351462074
5390666731
2156819945
6597777041
1303211083
6026000350
1423932667
1759015447
1682029811
7310443079
5653343594
3859694515
6093700097
1855790127
1723959192
1740822350
1680950470
1782793355
5469940430
2779658784
5236174869
2117390621
2532246452
7061967218
3796549313
2738338457
1919826517
2241948204
5178304161
1813362234
5124722430
5597916534
1823014281
1411570697
3807973089
5538253557
2577039065
3920631851
5908405358
1908692482
6446335879
1646988824
1402158914
6418859862
5370886089
5155452287
2857906537
6553374372
6237999188
1179697641
7154881676
1802020582
5093235863
6165090422
3213993214
2096285104
1738858091
7072835421
1803711443
6904705453
1936335774
3898582124
6612154540
6012989080
2964493453
5623875632
6928225158
6085757586
5863284147
5488778713
1902812145
6308092681
6519270094
7256873702
6124306940
5119908065
2403912521
7053883131
1496987315
6037080392
3442448310
3057586920
6864860761
2939407585
6820463882
2424567755
5440488716
2628935782
2793603145
6684635588
1405118924
3989324135
1682342390
1805250771
3705784003
2489596935
6072932903
2865435252
5574122479
5987360021
2952435102
2278769021
6064972755
7277501727
6114968627
6545415109
2818973845
2235420464
6533273090
1975692793
5758909468
5762457113
5372923619
1747570603
5815517199
3922765926
