1847123567
1657916762
1975650700
6448901169
2932794570
1647486362
5119844827
5539094363
2610907543
2754993620
1221171697
2730549204
3986147355
3505953803
1974576991
2001837305
1895431523
1663072851
6361013202
1459272740
6805532762
1715548991
6056544740
3160450123
2489313225
2056394313
5616918694
5333693607
5869855957
2661298601
2632236847
2294009067
5817121254
5033195293
7292924267
3898569622
2286908003
5037413537
1112928761
1803554510
2803301701
1499104401
7023336379
5172829747
1250636273
1746575865
2772800360
6820141304
6887768216
7281473317
1769684987
5564927603
2330652567
2150758415
1489482040
2230197903
1685702730
1940950257
5393135816
3937348351
2473690064
5347537335
6062446059
2173738960
1623886424
1239804802
5883600795
6292645006
2375086267
2656274875
1766610544
2053061043
1791283533
1400887105
1874361623
5617030362
1401296264
6992157759
6441514919
5720474518
6479869715
3678831590
1800523234
1623404035
1855152373
2014548525
1926352623
7277520469
6642254306
1362524782
5328345103
1861477054
1250793277
2286266347
1908275435
1406892441
1263977197
6724013335
6593450903
5044717223
1048733260
1772602627
1686546714
1823014021
1348413742
2699757790
3609271360
3871173792
5704119647
2103981667
7293585974
2622387801
2960763941
1632155184
6088446147
5643224579
6512172761
6060307497
3506400592
5999251130
5095969355
5819751395
6522566955
1773206563
5658712656
5603237555
1777051772
2473675252
1977407911
3858832626
1784473157
1865616660
5314476953
1784264335
7149633605
1642591402
5174551863
6934229297
1989638280
2358578625
3225904690
3298202727
1103661227
5692553334
3462772012
2044263792
1709157165
3988392630
6323309209
3138941747
1847116872
6077586549
3488787807
1978895060
3811061654
1670032377
1295048517
3180154335
1779990993
1266938852
5893797283
6444840645
1280795897
2139882755
2549228714
1789728231
6492195720
1842669274
6714400842
3922690673
5227820733
6389419854
5284449501
5820188838
1247329820
1902724153
2268478495
1708189791
1266161694
5032546205
1922352955
3169457454
3471850792
6011391162
5104289648
1347322121
3259689795
1880793381
5076553587
7304180496
5964184998
2138112497
5644574958
5043108518
1149956613
3193839180
1308889783
3443401064
2930058992
5733469659
3960800967
3186773504
2480172345
6221932120
5156982578
2072642657
2759405265
2248834985
2185658800
5115198714
2639278851
6011393736
6558831969
5586933121
1823533944
5605612596
1802348650
2178610094
5381869402
1628778725
6257080298
3197077575
1635806445
1663612603
2001851851
6753167234
2637695114
1676368781
6964184516
2944306795
1764261370
1590753120
1216431741
1726918143
5612278337
7070036715
2462562827
1618051664
5581082162
2683611852
5067914848
6149234239
2876044937
2161876737
1720459274
1882716230
2657845211
1893892941
1639064093
6393904893
6345028642
5142243223
1659893422
5575992865
6152218594
2034868214
1832961217
6591877052
1376628072
2143550005
1504328683
2746348614
1939582460
6879891259
1887344341
1954593817
3752850684
1728148193
1763956344
1405759702
1198220993
1453372141
2703292393
6335349752
5249306689
2535854165
2703419987
1763094262
1596987345
1913094142
1899003497
6504121225
1393034157
7263146057
6297145134
3358652872
6910034895
1795333905
2198692254
6593264073
5403964641
2739205561
3029596947
3684127420
2519357914
5607257930
7229598431
7308811409
2178514797
2665177402
2461508674
2337348632
1411732297
3819829043
1803310643
3834565010
2000961721
2396684287
2543810800
5077409534
5034901460
2634947861
1497219437
1648492863
5846723204
2686702781
1762972937
1959137931
1565602564
2474959734
2197546765
2512591982
1905843503
5229752744
2783887615
2388199744
1842606855
1847443111
7303305063
2810520221
2037897050
3956698278
6779570629
1433797987
1300145304
1279693157
6920941945
2635695961
5480171400
2178873290
1356658417
1398835600
5540811638
1443266094
6124642021
5559135126
1595103002
1876131803
6177021066
2534789362
1050227520
6382367593
1857345450
5190534823
2608966995
6608447499
1619925757
6353234443
2955182023
1180316095
3912574689
1760189314
1296492494
1855790127
3241571192
5974002628
6370024951
2283870420
7304706297
1896084573
3873096802
2426475331
2342335853
2750220507
1458309703
3694863325
1713409753
1699910237
2293510981
2331585822
5611402655
6443509276
1249424622
2599735413
1415663537
1280781641
6736100240
5678381304
7300783873
1739399122
1663735900
6011652040
2712601544
1233624795
7301873867
1794491910
1703371307
7308414406
6240358856
3721500225
2033126843
1084093810
2147514324
1261788454
2464323931
6679296504
1969099527
3974639937
2256839033
2552074982
1772522837
1191965271
2644042140
7291169635
1085304765
1998988241
7209505250
2743109143
5476477921
5488567440
1643971635
5282583849
6359196337
1433814314
3047590495
7307409225
2492819095
2063557851
5943862253
3187525994
3641513235
2459924257
3193510937
6524001659
2141823055
1061213001
1629426635
5562354545
1752212644
2039250863
6348826452
1921538071
3775056661
1769869792
1752549400
2372028335
2632502195
7184947849
6720489566
7300608097
6210064670
1743293843
2643477111
2865899002
1652484947
2032139271
1280148522
3783157493
5558990115
2739518953
6905187722
2808337131
1430953552
6189120710
5680957081
6718484069
1712595650
3166118150
7258772579
6249001179
1241011790
2571286965
5531563189
2169306777
1576603177
1167451252
7292471063
1401659004
1496883514
1861841970
1142648704
2159863893
3497583125
5398022921
1989534434
3842880555
5881966870
2792662770
5910573291
6340026081
1663937380
5425945668
1722473683
2100720873
2410195053
6425294646
1700648435
1933403482
1638782947
2820792015
7300204226
2317078015
1376420267
5938890241
3172300192
2368251261
5155005475
5331477129
7299273153
2614603084
3695856260
2769885021
1412992852
1877329162
7245167504
1688192603
3259972511
1654134123
2031268673
1926105170
1286037421
1700045897
6529088512
7306850249
1642286230
2531280061
3279710155
2079751412
7295074454
2553695304
7283364547
1958668087
2624755655
2473839001
2818245775
3260775230
6303992195
5230132970
5628261787
1280463227
6038207522
1828113247
2985052662
5504981954
6063405614
3181342171
1647688972
1014917495
2851948151
1833534480
6360932106
6498402983
1667517061
3874268626
1249819153
2822577020
5897927369
1747150823
2261322181
1713234960
6344526615
1405527204
2596119483
1095240537
5663416933
6524186068
2628193907
1365426941
5748897984
1955362095
5107015507
2901259065
1672097180
1831727905
1407295172
2602072484
1686199162
1843633441
6524418589
1805982651
2288605390
1221655127
1724164455
1429677813
1932395815
1912906431
6790696131
1407365952
1773151432
2380735370
1800644433
3488642370
2641732055
1404429281
6329750004
2192606857
1045678793
5601629229
7304955612
3468571322
6470919752
3922585981
6037385256
2136367523
1737870711
2609660273
6228689857
1790942835
5182226143
5869741243
3835116102
1685920342
5955536043
6409241151
1630300414
2562264025
1417973900
1191867367
5507836092
5775778499
3273453625
1917175010
1251078445
5730728776
2709946295
1797447824
1989660417
6039040588
6515651691
6179276752
7010131150
2725156357
5070756530
2552011801
5899851726
6083441735
2028810631
3106192441
6457366995
6358612910
2920316477
6158838494
3788044935
3347018512
7003374271
5975148757
5548643993
1647433637
2164864917
5782114188
3502638475
2125646901
6079887320
7276356540
6733313882
2450743314
5898191352
3189757602
2419830927
5299323290
2573598147
1968721147
1670108074
2198935377
7079618544
5705221157
1285655147
6054450374
1913382117
1421067881
2427068774
3125859763
1824301624
6969972165
2489596935
1219182541
2217120690
6369435262
5994840628
1980237443
2133781844
1402300455
1226256222
5237053116
1733361551
2259107520
5568490146
2264713730
2040110461
5493934570
1103147195
3802197689
2868217834
6120838966
3979044587
5974861386
1708922835
3804173419
7236300070
2138511615
1902348395
5321484705
2206724733
1750494253
1594052081
6685971661
6535803930
2632436451
5042958097
1882193740
1644114654
2135665424
6501805156
1743784885
2273244941
5861895965
6570832696
5610845808
1882711154
2308351693
2793921830
1644489953
5917804563
3811990435
2356494051
6003438023
1743779731
5934541885
5104880035
3416181054
1648195723
1918476724
6194555286
1497087080
6935485917
1724170577
5574715040
1649287405
1656679904
3977110878
2274713011
7001956160
7215065702
2034689841
1852439751
7195001932
3152305322
6540781232
7040470693
1931264631
5517771876
3881150636
1812175903
6989426798
5648980807
5587375495
2933199383
1045269490
1619104644
1887790981
2750082012
7304749928
1195190284
2688921731
1879749982
1682868903
6558735964
2470162967
3214806072
2114685590
1224921712
1203003525
1483330984
1841818105
5092881464
5160351840
2304305412
1858386852
6037559146
1562459747
2303770613
1658610592
1740979351
7143789124
2961884483
2100708653
2293088093
2989003355
5204147275
1750439442
3286763950
7276787532
6997296984
1790816315
5517038311
2276722374
1992424454
6347223091
2597497630
5467852665
1613830137
5140368473
2296733407
3652432757
1367679907
5573088741
6094716896
2307228470
6444895981
5370547595
5121005277
2145181861
2005599621
3328216070
1400229064
6105733054
5074648251
3116322611
6004281123
5272221786
5490348463
1942884607
1793920387
6739665117
3798326511
3180159531
3590037917
1666944534
5584696992
1245161127
5527039498
1094954164
1915096531
2241948204
5839996238
1694147683
1773763583
1711908680
3951710017
1644296264
2035895904
1407159552
2099843680
3939426052
1724081390
1638781994
6477703051
2120967380
1088725894
1266872942
1894036033
1882147360
5551109348
1672861522
5312883095
1916825084
2277114924
1867571077
5288553158
3861944293
5685358568
1894419564
6195382497
1735385997
1773215073
6459940156
1111681197
1253397461
6499569088
1397618027
1886340754
5303777305
5487821686
3893410939
5634013749
1635270132
6004450211
6583395900
2827895800
5545236080
1646713121
1732418574
5623554323
1786889040
2388319321
6463427585
5147249225
5585577162
2630148915
3289121354
3905622849
2550053534
3627935132
5617251118
1651428902
2391280805
1883880250
6573279527
3934791977
2418201593
7182737383
1231624983
7025684938
6495544869
2331191784
2787883674
5521523517
6487106821
6895530246
2479902905
6862527783
7188247797
1549768857
3675736060
2133442851
1977084287
5578381471
1974561081
5832658977
3821861152
3140752367
1841888065
3282659472
1181382331
6689938720
5735550174
2498948744
1263406744
5608764543
3860019886
1780808275
5677121040
5149629477
2321615032
2857669253
2988472677
3232483772
1866296807
1017668561
1913579602
3175594150
3551109611
1732552823
6561066659
1656316841
2857606391
3752407437
6541745348
1686813980
5484380546
5688313870
5315421102
3283455635
1746868407
6515234241
5982752652
2629700264
2403479182
2039753857
2267400467
1921802972
1172132341
6377140766
3805063871
5404625835
5260485486
2163545644
2192458624
1902737731
2057769762
5689224921
1593880003
1261093102
5974015650
2954147420
1863549464
1751253074
5781008098
1194868525
5528324631
2789942695
1776638721
2976329405
6426218649
1849980831
1199727271
2109182631
3180878957
6981690878
2386433744
1886910430
1738467337
6719832654
1453874424
1402551940
2058228032
1682207150
1770545650
1404462797
1914186435
7293813897
5936367142
2811244260
1975522671
2651459254
1889165451
6942081899
7307025233
5578701997
2245307941
2328516855
1752214795
1658725993
1826843991
6518988728
1146701982
5012163510
1708353870
1825700663
2049561621
1797713795
6644871793
2906567321
1287463264
7285171577
5890672121
5615545459
3761691972
1497991440
2833259562
6450202133
5845945845
3549945074
1965628823
2662662093
1909287833
6278117442
3359389864
6907164481
2394530374
6898015899
1895859130
1687239863
6328228562
3696604953
5225822288
5645756008
1668012653
6729577232
2257761625
1708288824
3182611284
6285121244
1472774743
1760917667
6779321598
1392512505
5904174796
1772298061
1191211465
5486381326
1074273855
2077946951
5721376081
1773742234
6063193879
1310683844
1991114285
3217304360
3076248705
6131451543
6587004840
1756855687
1285020581
2257294753
3628193355
1191582270
6762280505
1729995650
1732261134
5896346168
1282382643
7245793681
6304887451
1997665057
1977889537
1768541657
7307196894
6609335419
1291761302
5028892209
1214199295
1659528654
6453398124
6395502508
6362861001
1889349865
5501634425
1525895457
6555810361
1213634551
2530214265
1744868817
3949671123
5963430657
1640601392
2710191621
5861199673
6491968732
6999256540
6670373770
2063540952
3480713450
5571663521
1141308414
1584169463
1315191281
5895204867
5476386628
3895107933
1338667624
1640091364
1517916214
5554979256
2181047413
1115118971
5548066283
5086160970
6329822151
6111590332
5938866836
3168588664
2731987607
7281791597
5178490530
1093375873
3514664437
1403497553
3713325983
5608823354
2318599142
1783571683
1566590494
7279768235
2413774550
3626485974
1205215091
1571568472
1689987521
5915215161
1948030305
3200727784
5944149518
6423103438
2101702992
1201016517
5631696105
6102992410
2141761681
2092367705
2552534395
1294618542
2459823770
6150906493
1885454921
3089583060
6443080186
1216089142
1339229533
7307606526
1346261585
3170766712
1727858283
5044281310
6571177490
1933171187
1339734827
1480219172
7143618037
1692490427
2854631220
1736102340
7284624854
7278779882
1617242303
1762152361
5476743904
6682366976
5582089449
1699445690
5384479977
1154814715
3993805326
5869243565
1931376424
6120483044
2126880797
1155439107
1740779753
2298011057
3622879452
6298074240
1804656237
1629145490
5908247668
1652811601
1880493862
1252278122
1763681564
6631079876
5533245735
2857704460
2514846743
1656948795
1956033021
5920048743
1438614970
3967232352
2653451232
5701966909
3204782330
5632252757
6595618009
1101928651
3537077677
3981332446
1117069645
1365659550
1731661833
1681029540
2809611034
1038967860
6632448315
3037284894
1690060104
1465682064
2169242597
2038866232
6602088441
2637056034
2299597814
1074974723
2145315721
1323527941
1135911342
6511505947
1861966610
5134620908
1761616742
1403915120
5601699391
6809160766
3101676641
1712950654
6351849037
6192332661
6323923364
7055420052
5908956455
5653188515
2012562710
1922555067
3977845423
2092531595
6226689633
1925453812
5714066718
5607826030
5672090146
1863482064
6274444391
7304329416
2648325582
3862417940
1187361941
3556091633
6076047096
3513621424
1947884063
1632170517
2729521317
3057540037
5836608166
3823554401
1411111864
5603454909
5831314089
5238722451
6506371187
3729985192
6895002075
1881320895
2630570525
5041898236
1572619174
3861674840
1102521385
2045592085
1405271550
1905701417
5427190405
6360920391
2155969780
1803909873
3266304833
1790410005
6522637832
3382806064
2521227290
2079185253
1758570871
1723895777
5393224343
6057919519
1806737197
1682072745
6647187017
1760304505
1613962150
7206909072
1747752902
6066027512
1454560380
6375542870
1832324531
6483351451
6574467424
1393202693
7043127582
1664651455
1743951792
1717941875
2099591797
3200673035
1168624992
5876947033
3465116764
1893489274
1862880834
2552820435
1497911480
5237616829
1718699234
1823699144
1458441840
7147735347
1999334750
2217314615
3490921680
5461853682
1171722617
3186602720
5540546274
3097968112
1497234571
1699540307
3287263603
2265887932
1640337222
1089451005
1845864154
1251635380
1940328914
2283120210
3189399510
2658229150
1743269824
6574092910
2201109250
2411382587
7295306535
5035763146
6906255512
1878156541
6498397799
2988752751
1686954022
6498373231
6582446253
1767364203
2127460165
1280581912
1256146154
7187157301
1445403190
1201354652
6770393432
2158529024
3805316751
5948930397
6641943034
5587602295
1748390293
5593273852
6319551924
1876620307
1866129423
7219578044
1765373140
5921199319
5664508854
1768111685
5605261407
7189714836
1254268391
2176991194
3546037087
1726112000
2967279755
1922685904
5822570862
6227971038
3331780372
5452427246
1842450685
6886850293
6424624812
2120977033
5517383433
6206919904
6158802794
1734454083
1653425710
5912613473
1215348874
1288764341
1357409205
2269554282
2717013203
6335306070
2177625922
2046282503
6085605492
2338683750
6646798696
1611781813
2140247562
1558432561
1748546201
3194623704
1649173367
1731910642
1110840514
3904736856
2482557597
2794283127
3701555977
1782869715
6164077556
1497714867
2176714344
1997682801
1912234472
1727649162
2568309141
5802750513
1052819080
5291379812
6138469125
1830601174
7307786718
5881874978
1344386244
2348604107
1615757343
1646512101
2586168871
1735159283
5879121085
2183570524
2010508417
2814585690
2117885523
3204131885
5724914000
1718955717
6363445910
5869552120
1418177485
1967652391
2193262742
1821885644
2400966427
5910913550
3257820924
5150595733
2411391260
1174692545
1711009823
2685481741
5851198182
5419654153
6286521637
2857907482
2848022412
1662214194
3290358827
5526281336
2708285934
5635644754
6513039271
5837392239
2615417307
1278318324
6184122426
5503261708
1303413073
6558445359
2802115114
5872741313
6691920829
1795088725
5350271203
3980594285
2043584697
2968374480
6790121291
1632060204
1286211941
1721484135
1918274553
6217683074
7082263031
2708476577
2182466752
3187898897
2366448920
1798618264
1876582681
1807436544
6698202446
1731141821
5897041131
7215875228
3991229601
2071842165
2267654861
1800273917
5500868975
1827165291
2577139143
1623080943
5772438975
1929676450
3923659030
3266943013
1740835250
1808638663
6572654129
6352254402
1108728230
1407187474
6860583751
2546879472
2241501514
2004021715
7310525500
1145731012
1758527981
3194153385
5015210258
1884324762
1668726803
1917884865
3074181393
7292116464
2764505577
1813722464
6317134281
6094331291
2111873101
1033771023
1795334030
7310021075
1771362022
7187191351
2043095543
1380063912
3551937344
1834603103
2029497503
5173583894
2165401830
1888730365
5597161733
3519542561
2003808763
6514077838
1894056673
6699167230
5263934901
5308539472
1661412652
2091105660
1338451924
1741255865
3881380517
1759237631
1469056512
1728278277
1807269055
6661308091
6445315157
2701464235
6499734032
6327416779
1409344733
2095328467
6713661403
1401101194
5577632318
1584664364
5444593531
2715040284
1789444301
1928300393
1661877547
6064827542
7005382475
2014878391
1733135983
6579111437
7239011467
5147886964
1650528691
1813359803
1179809705
7250813022
5828293600
2424740417
5826199431
6018489539
1871855865
1809929092
3168946362
2274567792
2828204371
2042962053
6405349088
1856209992
6618806075
1745862070
3203936364
2132740637
2335625480
2121580037
2483757051
3183107112
6502003947
2235262161
1642904381
5304398462
5638055432
7282005788
2237927912
1403936721
5622976936
5520857773
7058968401
2606806411
2284864815
6554100872
6003614034
2246440764
1722150384
1500388023
5051077448
7294372356
1646548024
5533723586
6882481489
6012126127
6625249014
2945174397
3866971988
7310193090
5267092751
1575301177
6446144253
2977116950
3146657074
3888687394
3270105432
1828724272
5827740826
5596005553
3956901081
6083555709
6404160365
3630093854
2084131061
1442571775
3204188594
1044932114
3424864694
6227634537
1524257537
1757988591
5677973515
7309576277
6321540324
6484048825
5993933424
1636000110
5758990936
3917499594
1645255202
2002726120
2970036311
2925297953
7292383111
2433410055
2591595652
2034280670
1860128420
1956360417
2592939187
1497322247
1408752895
1907214345
1097106961
1893278624
2282824480
1690760727
5173785378
5687553488
3974316578
1669545734
2208029615
6244553417
1230801857
1791126187
3657753190
3204156530
2717791492
1682017890
1711243680
1823796270
7001391314
7301853864
1158166641
2338793152
3195757574
2606768367
2287691590
1721092992
1748850214
5890679144
6926142387
2610815985
5743525008
1677318422
3345800164
1880855520
3935181301
5252848511
2356166212
3219634437
1686570127
2057452471
5594702394
1220562903
1763388183
1506595000
3099078471
7288246750
1851439687
5389683779
1195188461
7010624220
2256231983
1196630110
1877988497
5510773324
1230409035
1985543960
7021240863
1704470407
5656720878
6754026723
1779593415
5626277123
3093135927
3773882380
5768116341
1495452561
7294346397
6405076884
5845609173
6062510581
1248782724
7310727482
1733280894
2697300797
6368965125
1723343590
1855968425
2730770291
1700686697
1410843462
2295837162
1964580172
1402324311
6303371680
6865474126
2642540417
6196795933
1741538517
1737520301
6556995560
6203200278
5900860533
7293113462
1568061967
1956498357
2829463992
3312088620
1677916677
1619161030
1374841987
1403078180
5220761691
1988124285
6610718309
1787571527
2850359405
5870337399
3195592040
2833621453
7057415064
3204958613
1765285525
1093974672
6393953260
1406514242
1839667475
2661956384
1770074404
2113575000
1692698823
6019779040
6764867582
1748285415
1879359641
1753237133
1638802544
5463224833
2804982290
1744187430
1755386293
7181460010
2733607265
5871734114
2043878715
2297158860
5968038315
1960785875
1715175054
5102905533
2611876957
1059301790
6980239059
1781863931
2472733717
5584808773
1415636805
2136632293
1497042545
5581921763
2302874051
5979269345
1743757504
6508991712
6887337017
1686560887
1773695425
2684314223
1632798537
7312527842
1168504694
1894155902
2452389287
2289534993
1915331350
1879858742
1241282897
5982398082
1786954930
1197706145
6427712174
3083109981
5237621240
5451723454
7251205589
1586923571
1301014507
6734148655
1414660523
5697892193
6447071874
1798448387
1442994101
6094245705
1900959022
2577205793
6612265202
3563206841
1886672467
1594296825
1952808242
2916653671
7250768539
3323373690
5103991260
2505697571
6537048980
3866435809
1751168632
5303231841
1630075885
1429400312
1025911070
5625539088
2269443552
5517617554
6601417323
2209929527
1742566624
1800328173
1826193391
1215468900
6486360237
2636696247
7252567012
1758563791
5721431005
7172217316
7307626295
1089314290
2815280330
5217284498
2241004165
1630907255
6108960087
1010903745
1682068313
2937806317
1567560777
1739986073
3715606923
7301128899
6115560351
6533223830
2057816572
5751058042
1680078915
2215736194
1875782445
2075811071
5193950027
5283695116
2943080605
7312703684
5585052741
1802683811
7005101004
1784020142
1842431107
1954290317
2419390267
1440021635
1641492310
1790413623
6394365165
2368319903
1806712494
2092409355
1498794104
1421724910
2291622014
1255595687
1494866885
6873155627
1808146940
1714245622
6909355402
6591991362
2166875672
2645006320
6424572163
1567849301
3604378011
1089245190
1205194452
2060976033
1771486830
1768006845
1916426743
1279851821
3003417781
1735438117
3881045147
1567762360
1893801487
1855380755
1763308503
1062623637
3429976500
1618902703
1587132670
2645490794
6756482870
6574677482
1243477063
2723400923
1464054484
7181044751
1890872744
2184470524
1068385283
6513652583
2470833827
1624195875
1527347404
5219213639
1918215993
6892719978
1793848741
1301523397
6815021021
2987769680
2266919825
6609513921
2398792114
6461414503
6408925042
1431035780
1857518010
2149981442
2177245391
2560577382
1911664794
5234196544
6418389943
1958999137
2194738364
2284354094
3098456133
1712205070
5107743454
1900082965
1864530180
3216090784
6098189255
6040598118
1291747473
1167147710
1849788142
1081273845
1068110634
5849554877
6545477221
2185516500
1468313265
5018739405
1808814424
6423600287
3209569722
2294316500
1772785672
1229725155
1256273927
1935927833
2728041997
6044238241
1506142182
1093108670
2763232285
7004513026
1237389341
2400672847
1227908800
1744561082
6414542889
3467545914
1601679933
1270804312
7300988691
6070114011
2688923592
2204753141
1676868877
3065426175
1997458877
6878431227
3314027541
1749004134
1097153822
2865819240
3179151434
1750827345
3710258141
6493954619
2071924962
7265223615
1651151495
1720173771
1862506300
1001277790
1932897893
2857811674
6447304883
2431344815
1885494567
2282551273
1237419703
2264305204
2087327765
1898322577
1645344371
1261115705
6023841411
1875293522
1904098061
6384939898
1040163605
7306235209
6697099142
1771295435
5586009934
2640800883
6622641611
1301459410
1680068172
3171363734
6632430711
1565366237
1646847251
5880200983
6301933756
6399357343
5279679749
1272214722
1248288203
1700306862
2276673245
1403803554
6714261379
5947140973
2091102910
2284260107
6499770711
1108848464
7313759997
6612642961
1340723374
2366726874
5247804515
1568330177
3910856166
3956517320
6118543211
2731107233
3579741780
7268415179
5244183267
2452089295
2012369562
3575540277
1663793510
6520752778
2003925703
1795886220
2250388074
6620378583
2623895331
1948287971
1258846902
5703181395
1065618283
1062752071
2658345322
5831949310
1032063592
6431659706
6708544799
1589153251
7273662340
1228496822
2326493977
1826082103
2029373843
1854368294
6159487799
6581238914
1642512402
2629740053
1293066843
3698383227
5571763522
1822796164
2393731691
1839167347
1355731323
1706500860
7298488441
6725906589
1430045430
1878723407
6366579279
2930162624
6761295455
2189910831
1405660137
5450042745
1686450581
1764244832
1801110962
1131481574
1596329427
1437874361
2891569610
7012251969
1459089562
2050038827
1769469393
1096530647
1883223133
1043848755
1583509885
1947828962
1786765463
5115326071
1399432273
2689863771
1745476105
5436743110
1699583741
1357171084
6253166197
1908603541
1680959837
6755658133
5466919822
1496814565
1815656355
2598375464
1975959161
3165040247
7201646916
2110263617
1175739185
5144465848
7296259464
5724261653
6517804268
1154288632
1282057112
1506293853
7199285329
5864181936
6795992076
3982425411
6540015776
1634365454
1352970071
6304533863
1496911830
1762261032
7279178570
1879868073
6237773687
1740568367
3176804502
1596684260
6676029629
6838628453
1960554287
7312464347
1706735440
7111023118
1940797061
1282025522
6429214222
6539078030
7282588207
2692486652
1433085872
2929345161
5498220176
1912945682
1333485737
1067968100
1419017401
1967751627
1757058731
1684868295
3299280577
1114141955
1905549057
2274065954
1736574887
1888116862
7311549856
2866775674
6863622522
1898286353
1801424850
2322869707
1884334303
1729150543
1404313052
1670183810
2403605513
1730813814
6707316192
1585247773
1276411190
6516758232
1914642441
1678774004
5755749756
1681163445
3269810644
2612078977
1006550592
6486930715
1531253003
1665335994
5339767312
1613678254
2034130371
6576577178
5607517441
3275115274
1054861732
6367457146
1738734804
1644809731
1301068995
3136102531
5503247610
6064275439
1549644252
2759751670
1948620164
1801710007
6586673225
1728097311
5499991073
1310584053
1738307137
1098173713
1188203673
2864572040
2841698072
1093276892
2423325250
1687243315
2847887342
6403055512
7138321450
1547693947
7196525061
2471736115
1806446424
1120663884
1641537524
7308952418
1749990115
1233143520
7039843237
1750680973
1298535315
1883839230
5880194233
1601296495
7292218128
6474140990
6881807107
5353390399
6861456880
1905099224
1738435854
1245732825
7286559460
1401561827
2082761703
1248901503
7076205141
2885264684
1949112803
1898268644
1943025124
7312827327
2014433131
1843613455
1412779214
1787385115
5997717676
1792892330
1645776681
1424710994
5317352816
3199597337
1733816773
3247249013
2172805121
1639404737
2194275461
2290122347
3016011261
1076834657
1496908871
6991381540
3721282563
1498075523
1910349681
2047306674
1767411727
6732029010
2577039065
2432441407
2280752737
6588964618
2509065064
6927512217
1970132217
1415463581
5285627636
6415140582
3188660912
7103073792
3818860157
6557435496
2481431391
1373573074
1959830294
1762645362
1612025380
5147306735
5646425337
6038922387
1741954861
1746743117
5190211006
1888014637
5784465866
3880770261
1720651833
7264589101
1957039891
2614899162
3048331457
2244566114
1806650994
3569314904
6991857094
7311035891
5812158054
1270493325
3430253554
7093592511
5633354387
2095820504
1566143967
1371184973
1297188750
6595695478
7311980094
1683954217
6350751179
1891187997
2768351711
5678690954
1960342091
6517005694
1665808371
5648953990
7261180999
5926378285
1063417971
2528611791
2570753704
2750621294
1463872011
5607032695
7218848985
6585751843
1707078222
2211258574
2645654357
5646829362
2371620755
1169406732
2418485244
2879178932
2181711331
2120780635
1896073021
6465648493
1646222093
2287141594
1413005717
2051871693
1410126122
1597815921
2713265132
2286192014
2190140640
6970753998
6587114104
3795347892
2045469851
3158702405
5612465511
3002779887
2674817072
1416225865
6235506347
3786267752
7216047293
2280483794
5828278837
6547391406
3220046500
2137494940
1771723081
2289537274
1622480237
1977046885
1854571861
1655367423
1448495451
1088217215
1764391090
2062791193
2868676035
6364658720
7311395690
1025994511
7200919432
1308236857
7313117870
1730276327
1627825392
1652559683
2328706770
1251161973
1644700745
1635110200
7137940554
6136262180
3041727282
1849069730
1234865357
2437211542
1747514562
1782961197
2983904317
7170624296
1830587750
5922845145
1748349285
5314897361
3796147354
1416433773
1886906121
1752875020
1457669530
3138561560
5462311253
5639247922
1908194624
1912171434
5151077293
3069549735
2475204140
2053035235
1259914383
1884841092
1964196853
3936762439
1811670545
1405463773
6599424843
1698451755
1820765403
1644948230
1253846303
1991743625
6591167968
3220765695
3758879277
5890616415
5863466524
6367344800
2312152482
2265902704
2012524363
1772002900
1523766213
6471149905
1679062971
5905785181
2019071187
1402485057
5605694475
6574919524
1661598840
1881431305
6592884741
1909841883
1950086267
2218792451
7295083813
1830336170
1294063203
6222984796
1841838153
2205959704
1996324342
6056029094
2609142204
6507421467
3173951675
1663361480
1787824330
3898891884
2323195050
5855964111
2286810594
1888124027
3912468185
1890797622
6701438253
5480314602
1699828573
1746159404
1772138247
7241675836
7277115501
1914593867
2268143791
2779658784
5629368513
1771752057
7070155999
1846302163
1867099473
1293209597
1737979690
2163417693
1180860635
7308773691
5333345795
1497151510
1632990895
1040731452
1859846292
6013415127
1934375194
5210838679
1838097472
6787844603
1664176597
1607728553
3903649070
2693794880
1634375627
6582713545
2394264374
1092785713
1168579097
1305277975
2396380975
7288461023
6086588960
6334243520
1191579377
1891711061
2018036207
6078337804
2636180571
3479015013
3579809757
2463663090
1785216975
1826923690
1403432544
5111106774
5554258198
1744823950
2669354655
7160917348
1646255843
2812129277
5648070455
3288130994
1691258434
2002148123
1893806714
1752953174
7192149925
1883353895
1809098785
1648894531
1261823123
2373313250
2013933547
1744833443
7047769424
1249313353
1411482802
1989532763
1593933550
5403790128
6359250380
1899935141
1842291705
1906110041
1618328577
2252363947
2650143873
7014094103
7041695712
6513525491
2679141713
1163218074
2098425030
1833439770
6927243689
2429339180
6404817320
2901380092
1699432410
1806581504
1935104792
3110591303
1786777117
1406229470
1560442584
1884996035
6304048951
6398064411
5899459191
6238709471
7270286850
1114479790
2464127051
2681656543
1670743152
2678297837
2253456227
1364144862
2369379394
1563042101
1277066101
2887964854
2050960644
1753069697
1704832685
5945200907
5836145974
1819935727
1587323695
2308955177
7201752977
1668312852
5575692644
5657583071
3227910883
6049328291
2802107682
1680627284
1548674942
6994398742
5822024473
6124016822
7050246781
5266121811
1946534900
7077466090
1884373794
5604397584
1805228785
1845055581
6635013376
5216087137
6456425428
2338613982
2384620170
1884627195
1822179741
1830380301
1331413263
5649624264
3077372124
2208787052
2475050022
2984695154
6085826290
1682352065
1857531860
6911317708
6546500335
2875016842
5648809025
2357037095
1031213131
2035893447
2209869711
3304893401
6046031755
1099273193
1058621280
1789467650
1731641225
6183821370
2345519713
6928836639
1046485715
5449687795
7265732792
1667501367
6719127626
6546554588
3150626393
5898154464
6257452654
1648544895
2087041704
5358200160
6724090452
3502634573
6279013999
3903311091
1851455942
3290107373
3036624473
1586433753
1862053730
7073988150
2984434993
1236837852
2010407993
1896650227
1697601814
7127037951
2260669392
2506871672
6528536920
1206065735
1719343035
5079619679
1719851637
5537706064
7312625959
3036901425
5349685649
2887803564
2962312110
2636499883
1769741763
1696423062
5711710471
2378928115
1700432934
1952489391
2405566711
3838257867
1648068057
210947891
7211287279
5672635567
2810507521
1678397154
1749773511
1494759712
1704702183
1601606214
6520747945
6563619759
3948549463
1758778417
1691192972
2929761803
1808120942
2776966091
1824551440
1481944214
1428006751
6324663077
1080805430
3174195063
1251889924
2198778410
1787900610
6632327439
2214838982
5148872578
6538418339
5666010325
3952754522
2324376300
6112228723
1079559432
3900233247
1272086304
1760372655
1505838540
1671373291
5231788809
1502981365
2141730992
2880620770
1944375784
2812209774
6034232298
2380298561
6163279138
7057623282
1600401482
1862695480
1188552450
1899702230
1198922655
6734859636
1837178280
6746001106
1806622665
6238787862
1511423691
2786818550
2164079007
1846763682
1865328010
6762417916
1950341365
3164094782
1088767562
1786902461
1644862084
2090937623
3169665365
5032593200
1720962692
1885240921
1884808963
2704927533
1473172483
1571804950
1825914203
5601768784
6480642961
7307234385
1155179430
2810373291
2800245142
3830086325
1795921871
2291397804
1751758387
1311321062
3819513873
1765355610
7305172900
1406419784
5502606088
1210236820
1251721464
6345572255
1865870225
5130146919
2793691324
5346192785
1804898121
1865886352
3721483295
1679939170
2309388480
3603612184
1644767390
2821638943
5172502012
1958473427
3644740651
2958254891
1427915621
7311163284
6470309539
2048229695
1223812162
1026596364
1638649225
5321748886
1663010745
5586189594
3035582505
1268970762
7258702640
6422743207
5287176816
1868493575
1345200083
5105831108
1915646740
1375337135
1787628501
5786394873
5663590461
1608489831
5634292592
7314121479
2149523167
7214315157
2527265745
1656966370
1495673435
1234869145
6637628703
1966850262
6760972908
1819372757
2522737602
1696780221
1713113323
2548513190
5128345773
2310149174
6074147427
1548929714
1402170633
5737990122
2664054247
2282822115
1419311437
6602481748
1978347761
7311920105
3173633817
1799230111
1912162341
5898468734
1400515175
1769544670
2411709094
1847768447
1859428970
5253549570
1738262784
1777937442
1796741681
5436970859
1106363614
6312652915
5717119109
5444146511
5876442350
1807715644
5616956605
5845360013
2274513002
1071006415
1926039740
1557239142
1757258093
1146583824
1856267015
2586387593
1904264723
1048887772
1438162665
1203564627
6542800525
5514138404
1936078883
2103472401
5666879957
2801058380
1654097502
2812460673
1608326850
6005869703
2675651927
3722570854
1867919233
1643204651
1695936437
1653981791
1759473703
5583834986
1860453042
3675735794
5307245612
3268047813
7276159963
3867715593
6354884526
6737240706
2259007220
1564019125
2283918632
2575008657
6724964269
1774658702
1400652955
1640072531
1452514537
1336706552
5663939349
5462832802
1783565850
1258679960
6815175302
2611644743
2481365921
1374165090
1779817270
1407468471
5025358559
1933164825
1362649451
6338742905
6516627615
2255442044
5863577929
6120606419
1289742692
3517726484
6352612670
1967654655
1051292340
3149045125
1871871734
5262068374
1850528173
1345948152
1741882667
7312852284
2644948161
5557475134
1889511787
3057586920
1935853563
2561028084
1747804012
1958205210
1550379824
1067314604
6813258450
2299593807
1883172084
5126735993
2475699812
1770414441
1270230785
6479061725
6234263706
1885053303
5336005842
5727865259
5515801031
1830392890
5615217279
1420947460
1825938771
2886022180
1407610405
6071715918
1490270280
1823610801
1564089110
1700720163
1242526405
1981989104
1679008462
1629626682
7283988426
1488683510
2936457694
1768171250
1442246695
1390572973
1748771843
2363052912
2810192342
1653532061
1150434204
1821713823
2105807580
2291429207
5523709983
5342812132
6630036713
3962719063
3166966293
5384771805
1798209111
2767624695
5936711158
3880396242
1357214550
6452507530
1769825344
1765350971
6355176057
1342495172
1652184490
1412758841
1829764737
2245969614
5139226538
1659423131
2302273212
2823416001
1877544734
5574670866
1705901331
3909154463
5168038520
2111400524
1850550517
1931412611
5761419631
7312024690
5589247667
5854806831
1678207644
3618136344
1483690581
5155425590
3842046030
5466550668
3320547601
7152265573
1806709994
1052360922
1907166177
5152254940
6975938896
1427354061
1691250947
1761100377
2639371220
2802885487
1420099171
6525437358
1182658045
1729158844
1004853823
5039036869
1768395871
2248920315
2373603575
1402955971
6753452911
2431078520
1845976004
1974945511
1790278701
3978529795
1905997557
6442541552
6326835034
1749277070
3185692411
1988800805
2057052377
5545046106
5562292930
1322056211
6092441647
1890014095
1675397604
1863688173
6616254908
1854708725
1912714554
5819292350
5980344952
1662313931
6448213194
5206356766
6560188619
1994638267
1376234365
6539222708
1496809922
2711480971
1760938994
1681327405
1497685273
1030018357
5544846343
1879580655
1210694983
1739102877
1195002381
7313913494
5083776799
1628431657
1822083993
1757251761
5577317154
1573355695
2090374014
6246417445
5896253061
1733521334
2174585797
1738092885
2246274362
2207662417
2418542712
1810447725
5577450603
2175409554
1748136774
5545586896
1409823560
1415675777
1691702622
1733701090
2628043707
2369719722
7143724162
6571959991
6353132395
1912150611
2787710621
6149168517
1645438592
2267600232
6874812176
6037886102
1627909750
7047080820
1916801995
1686165295
2202418750
1226939210
1956515714
2524646550
1772333150
2026687347
1322308864
1658219265
1730332987
1757680253
1687358481
6028593815
2382064902
7312197809
1222900173
3189128550
5143233732
1102309111
1490372962
2014407730
1895467352
1235792915
1931325655
2741016501
5223157577
1224036630
6693824203
1544593902
1847662497
6498926699
6477210358
5911919074
1717721400
1179737915
1830159990
3125481495
7098005307
2591287985
6138503851
1768522550
1481387087
1736204084
2643365902
2128427761
1829066984
6500887438
1211556895
2247548397
7006367380
5658277564
1132428807
1668394103
2730974032
1300742394
1652810762
2314841091
2437934950
3149202413
5215147809
1500507572
6155586330
3082676041
1728837654
1738725011
2732595321
6928059946
1694648071
5228427934
1823778612
6170538001
1777135185
1415676655
1823791077
2658393870
5820068605
2679747021
1075317610
5479069651
1778264577
1876879003
6004320380
2995728330
6059221617
1567382390
1644909431
1319475951
2522571447
1729408273
1900722705
7287891603
5292072017
7036614713
1844296474
6132451836
6054307151
1893879822
6240110059
1220945814
1747303362
1436973321
1881760352
2030605153
5042773641
2102188492
1784483183
2194868354
1764317953
5624284614
1704898724
6079529364
2822597827
6982536972
2091373893
1680840483
1914450674
1798275315
6755976887
5838482628
6023864410
2731044855
1879170584
2522348994
2431651905
3772301612
5884966054
1089227282
1002937771
5165606023
2667653463
1849015022
6916045128
2203948804
6865914053
1426211964
1083372685
1776994812
1684992301
1912591053
5232671688
5043948000
7287294021
1066324537
7285103153
1560638422
6870224374
1656227820
5093876590
1792175631
1719818602
1772232724
2132548170
2383992533
1250687015
7294884967
1255998085
2318910945
1743531423
1905054665
7033790120
2196361134
7172503487
1698255570
2570976111
5918801083
1746038143
1662442101
2948080847
5532255742
1337468420
1968586705
6264660911
5419450662
2197670880
6879091352
2751056452
5743911236
5538305564
1836740594
7231626493
5863167190
5623875632
5979772793
1700040344
2258727970
1841129432
7270910678
1785707570
6863272259
7037493282
1934087774
1502169164
1700582867
1611733584
3743696607
1841973125
1182722037
1977210954
5046893324
6718571209
5821390944
5835847839
6224244995
2242443774
1891121432
1312300620
2698439771
2453653504
2858977185
1802191362
1853821194
1920297837
2315475995
7220413849
2880823930
5980124091
7245743732
1956946543
1975072452
5993200293
5848868419
87188310
5709573353
1559563953
3212895264
5951836932
1890124614
2412329707
6107563095
1878713762
5838184153
1951798883
1826040454
1405234363
5942901962
1923249102
2682908944
1744257311
1996779175
6505397601
1271403002
1767330501
2785347507
2354161332
7017108544
1735844197
2302404162
1642632462
1698420307
1747942821
6737442446
1709092505
1676267541
1732112365
1566443777
5170942053
2058323431
1757511025
1808259102
6826871741
3298489457
6124306940
1189614654
6966526923
1454711210
1829496883
5589265547
5788775034
1733087554
1698685491
6102527827
1766018692
1924693625
3196240854
1778681215
1914862911
1750717451
2159363534
5457743061
1611862187
3192339774
5240181508
1564551285
1401902522
2989054987
5027992829
6595516295
5024231994
6613607359
2166728062
2302617634
1851517761
1036663592
1715023333
5604879461
5797813836
1883330757
1946246331
1964193661
5607755930
7097848586
2117434610
3825109680
1745719040
1827021275
1618819632
6021751787
2330136810
3241866672
6502666289
6866091762
6868538161
1643200223
7285510319
7314753022
7314780637
1571497285
1202150843
1778375693
2670535683
2276861350
5823189254
1737206187
1663734845
1786937891
1672265330
1896456970
5156313848
5604865432
5886169814
3962657498
2812012920
5887175670
6511762573
1400600795
1794512494
1799999223
3221358791
3899327798
2391173975
1716849731
2580957131
1497565303
2519726424
3635256361
1801929707
5974735671
3121450214
1821606457
1171094905
2900393027
6257462682
2644979951
1326499094
1965360751
5691504220
1752998634
2428208735
5369689800
6283394483
1724273862
6324244350
2769897145
2685377983
5882951422
1043849843
6012865714
1298951045
1827541675
1698233740
1829272853
2432834691
5729319316
1298775135
7275416384
3746589141
1403794350
6911543947
1147071504
3098609681
6424577234
6047401413
2186914740
1712540353
1652312023
1694432495
1769620134
1177998161
1724888105
1762837105
5146926397
3863693052
1312827012
1400349600
6991392957
1649522970
2251883674
2607489605
5390000634
1952130815
5233223858
5652841679
2527322652
5628362641
1757635273
6527206713
7282892738
1964415864
7063359695
1894119757
5880955240
5218846262
2174197057
5649599819
1669600397
1693390212
2989196447
2509792793
3218993053
3201259671
6289430183
1640577867
1801405455
7299342631
1874034652
2006095080
1767053271
5828366044
6719460477
3277800653
6724045536
6988142325
5955106173
1885642102
1826945111
3180807054
1791867263
2801001672
1198056135
1971162667
2826343477
5208362027
5689978096
6082285286
1773422552
2488110900
3295771470
5847365669
1948771505
7279501129
1679061793
7312671287
7230384133
2562331937
3034467067
1842136381
3930284726
2185753364
3170475315
1873398564
6814464850
2150148053
1658187530
1355606977
2252432865
2025231343
1661759940
5923135834
3969797244
3741105357
6978811710
3982803458
3275481613
6248293684
1421066524
5644500251
2643091105
6200957452
5705191799
5864149934
1914919243
1920130857
6121504225
5700459448
6574742299
2691700867
1628389152
5676276186
3198084142
2000133461
1936517974
2154859142
2736419134
1179198244
2679704014
1642749330
1792163927
2680339461
2060837747
6485801319
3705738175
5979001958
2002098011
2043751951
1823630913
2579212447
1996528595
1788911247
1804080767
1368589977
2802817292
5722675457
3776508180
3399354274
1274336801
3807764749
1683934257
5395563651
1656844110
5079349665
3974718927
1810026874
2994788330
5966474652
1680436113
1793229760
7313511985
6011244278
1747360877
2157265392
2294816804
1260623972
6449023357
1748613651
7309878946
5016970172
1803430353
2261904373
1876943407
1405544475
2681016114
5300298007
7295033615
1792189104
6622215805
2197166793
5861089789
1735797623
1649890912
1846589947
5313670300
6021996284
1222221682
6525927957
2357832895
1752279762
1648953695
1182290037
5032939462
1987753935
2480489811
1779097775
5260560156
2446387724
1774091852
1670146627
1854186090
1350433707
5077824444
3194134074
5863614707
3589565662
5768140012
1823995354
1824503260
1739085630
1681132134
1890201387
1917649391
1976424213
1886015542
3566646574
5297833470
1598480335
1915529831
5173146330
6513040747
1283431191
5863536655
1548164797
1723668555
2259906485
1660941241
1730934232
6253451019
1886526183
6604672294
5886291551
1663589897
1843168605
1408624520
1238896151
2363158430
2006455031
6887960635
1805870543
2212433192
1974568711
5269925418
3891299837
1488552075
1687420465
1794283954
1343527717
2629163440
3886861759
6508228210
2005591041
1931051115
1950596297
5247815858
1900273580
2271846294
3169331647
5308259013
5362491835
2277992341
5587557648
7102593084
6998679194
5960468072
2274941844
1750876531
2182805322
2366517924
1377693580
1578955834
3529284611
2535201472
1880471322
1782439517
1402829437
1677365273
1809067754
2875340742
3819620848
5553794589
6892905149
1347756100
2372857657
2803267687
1314608344
2281369173
1856229230
3798293997
6069222679
1814878335
1229625235
1746668092
1256972505
3462763754
1649999413
1827823800
1884839312
1949734840
7218929071
6363844578
1820312467
2091389763
2086541591
1651478867
2696443677
2959124283
2196391180
1742937537
3091421455
2174534013
3767844851
1633847395
1952575031
1568450860
3296031175
1846713837
2021640241
3413188824
1364115382
5291903197
2385282560
1933694657
1856118987
2185608961
2365961811
6241127361
3885940577
2262072917
6130649609
2964545654
2464775862
1083178523
2178690247
5638004100
1079696790
1762114174
2308792272
2270492815
1936837302
2831637250
1402651051
2288043312
1942306557
1937391647
1766954544
3149081847
1897206315
5479766445
1656979800
2638592881
2445536197
1862036640
2071663674
3730064837
6283812170
3983700756
1190408297
1803016247
2107335581
6888400245
2033128773
1293486472
3265274932
2070641753
1347544071
5991686055
2467036073
6063179076
1783543225
6089385551
1914092022
5338895597
3974469906
6531806141
1979604524
2190052561
2612979433
3191105810
1730153845
1908085335
6553374372
1660895525
1726294583
5653318570
1094627834
6904379459
5780234554
1814956030
1760463144
6831021550
2630645521
2785955834
1875757255
1158219877
2105025177
6437727426
1868800675
5143952113
2260828962
1770689024
1734373132
7009206484
1950308484
1909679453
1163858357
1211435723
1231952551
1828824894
1826391192
1820171460
1965971160
2987102112
5498766699
3556146282
1652276150
2042428623
1553036172
1818265322
2360956414
3032064021
2521699800
3314842767
1403502910
2991772740
1891613825
1664058412
2492287940
1654104485
1204511642
1733940421
1910433845
5537137320
2258938057
2474357337
2393680140
5945439275
1902631530
1741300170
2168068494
6384819274
5665757272
5367228965
3217179555
6179780503
1977044831
1774507253
1655148434
1665241021
7274813420
5582797297
1368300252
3184994351
2858270197
6622479169
1749277380
1598030333
1645795771
1155067225
1782528287
6853169012
2707703161
5091912327
7306591736
1700253571
7284238857
1747475717
2280128311
6736329316
1841370197
6513278735
3117671337
1870825025
3204313415
1643264373
1832166857
2018658895
1138776024
1874809163
7292195781
1727006174
3951680240
5906929910
1911581757
6447442517
2839871432
2430219602
2249381920
2665599232
5832939386
3048252077
5919564404
1702872865
1930855877
1842361385
2247050043
2134990001
5352653165
5367090899
1667285017
1905398953
2686961104
7140715550
5667671460
1649438714
3164138154
1086233511
7186000644
1772440677
3175062627
1935309720
2181672397
2004094427
2205254504
3907907963
1869452793
1625463492
2843530817
1676791242
1769268700
1661758487
1663969315
2325511004
1724256551
1719824734
1769476375
2511278280
6811931445
6597798991
5453511540
3879963952
7295656495
1773605345
6603837029
3314397772
5881123708
1132586623
2389248355
6388937028
6678319311
2572466172
1664626473
5697859226
5391596582
3916178893
1649740235
1654597004
2312330067
2386041467
6611096981
7147082885
5392149627
1147298365
1138842391
5639358253
1808449333
1824335843
2447248383
6886887945
2018169822
6014436887
3303370594
1748558110
7238353210
1737011932
1596420681
1926480144
1772731391
5254095949
5845858324
1633903112
1765709252
2264410012
2246083305
1632178025
7113531219
5945417720
1688498547
1817932931
1631715052
6802436655
1769537317
1918701632
6006497029
5977773505
5683851481
1087763123
2647466363
5345679093
6586305031
6051802122
5264446760
1685871855
1192249172
1259248504
1784193121
2816283061
2286367212
2127048457
2247683665
2492465520
5569579736
1789217487
6840305189
2668907393
1551159760
2383193042
6493925592
1688756124
2111469591
2408612615
2618803865
2268401155
1039916297
1788736095
5172180489
2282751051
1931693431
3090524383
6380609979
1827633631
1192340033
1192113455
1952460384
6499137870
1709879311
1691926420
1797987253
6890775593
2083942267
7304687697
1255072775
2004268785
1402138343
1897356380
7148272270
1069393845
6047564827
5943595658
6615689075
3498049532
5880313551
2060865993
1810298357
1864135524
1752291690
6560111539
2194269364
1701628061
1864777393
6590665048
1841504172
6551832877
3762825331
1703919130
7101205702
3092528093
1285026480
1402530524
1400028832
1689557694
1367610417
1670062537
2269969264
1584963441
1221637641
1875938827
1684360371
6523490942
1758345215
3821586761
2142570980
1736329970
1465746540
5884548832
3228164503
1886848442
1420140427
5955705780
2425650995
2529559800
3578912684
1629601301
2304272080
3882058665
1728101282
1886749794
1776618823
3345487440
1726634474
1677480261
1616571855
1657958417
3278735524
1878775150
1097335564
1748740543
1258082732
1874549442
1758169323
7233359713
1271089414
2418179934
1937231163
6374290938
1232418552
2174936781
1794526300
5371042076
1514136394
1738960375
1750429704
2277804162
1190234393
2011731475
1247618537
1907198077
1220676652
1963703807
1236454562
1229361080
1783158642
1678314927
6874818994
6533764916
2813045210
6432840576
1694917363
2863204154
6368702473
1657158467
6418957821
3216356873
2031451121
1836343734
7226060414
3995224446
6594530195
2369080114
5013668220
1067254393
2420703255
6308092681
1819456873
6865368202
1644401110
1893149103
1803974613
3985215380
7287020334
1262242360
6562512577
1695652643
2331030284
1322241907
1617566333
2542121925
2872060627
3044317391
1803858525
1939397622
2623002862
2172331947
1298612082
2003514625
6361172905
3608601112
6803076945
7275427135
1795833317
6518136374
1631298250
6321936402
5654686692
1634094711
1681607062
1925995155
2450137880
5170938250
1627018921
1773512120
2933403564
1749658624
1744026057
6742021029
5549523970
2286319847
1869791105
6305845635
2344239031
2478838621
1665025625
1695031381
1883564374
2036005705
2192435767
2716030311
2019469545
2836149552
3217422975
6531558719
3288505873
5778803490
1746560200
1802887180
3167752321
3598633043
5593783872
1048994080
6513155307
2020163555
3884490595
1808244527
5581669244
1729733065
5534280454
1650673250
1795325303
6996581264
6960822741
1983753327
2881582092
1762184703
1662753444
5098652969
3954985050
5631741566
2137354430
2152213112
2295224931
2096488817
3099896503
1778751545
1793057455
6600861294
7060281712
2355658474
1079003352
7305594528
2198240964
1646759185
2051935715
5377546345
2307031354
1258582703
3973913592
6539926293
3145144913
2238954255
1854074747
1787155477
1730809693
1770252433
2104640243
1471143571
5282225341
5260194884
3949237796
7004852653
5614650164
5802453984
6639227163
1935084477
1646725504
1734328187
6974201624
1710440631
5084512008
3303470317
2235244840
1591684244
5205312904
1644792632
1661608580
1913568301
3188499900
7309872595
2873850802
6059487920
1692712653
1344956897
5346905169
1635885402
1900964862
1582791370
2339135984
2719036827
5836562753
2245647581
1419957887
2034801572
1411532901
1752234792
1052404565
6582189296
3164942800
1845935593
3144548107
2121667213
5660170943
1494761561
2528852454
2341423134
5793244506
1828543234
5661765703
6838790993
2929036942
5021848695
1738171957
2218403957
2570205077
1715850653
3186175972
2527547094
1681217252
1662235833
6810732501
5884655223
1651047542
1864462780
1308252731
5545915441
2979337291
3490360337
1434701294
1806314593
5496807536
1738169604
2357213493
1974726163
3536826167
1760540443
6165393377
1642634100
1408125600
1927445783
1108242961
5743386999
2191707743
3018069227
2874644722
5681770827
2426606861
1835393323
1831077125
7315132441
2093437955
5500545510
1661253030
5650270572
3205295640
2432178374
1222430350
1751786562
1797100541
2602485724
3226194672
7243395716
7312023445
7295222228
6346469407
6989499027
6052736065
1825172933
7156528857
5262560583
6781698446
1452108830
2737837111
1912273717
7065297108
5375662693
1720100760
6614579660
1750869982
1820462645
1497041815
2904218554
6186733235
3076231152
1896422851
6348413509
2425621107
3626429021
2287303795
1105989411
7311853857
1734373543
3536592704
5100463603
1945603561
1703580752
1868804567
3889623798
1709993390
1266856927
5585316677
5874584452
5373269847
3028638595
3448453664
6528569460
5394390286
1768334342
2213561393
6315070403
1949998427
5233761305
1486489760
5801666169
6058162271
2850940725
5793279171
6407426882
6070772899
2901530325
3849473807
2208193814
1464484735
103984
1683013732
1441011531
1916899633
1801517151
6291416191
3305656427
2726763504
1068246700
1740907497
1985056033
7280827401
1986230685
1651606461
6900094636
3022704283
7287820334
1655821333
6351230063
1827670115
6974873003
2935568055
2219251027
6080020630
6231522929
2397955061
2959414101
1890186217
5095975457
1640029171
1143594227
2322312760
6528643387
1573047053
1580713555
2127842455
3875220503
2907818495
3911214298
1874784325
1046240787
5088665934
5316433888
7289678781
5963958901
7035997574
1745594060
2235269554
7182756791
6096968968
5114701632
5177939672
1925057710
2431035101
7297894880
1591408983
7288050940
6002491801
7313511091
1496863563
1842884235
1717751023
1887577777
2055329243
1922474203
6092992906
1709408362
1672238067
2051792345
7310303142
1187661411
5847319744
2688268075
5146536074
1239253750
3226752882
5972505998
1907509015
6026000350
3991726339
2030278523
1241337644
6671729004
6191208248
3738143042
6992829740
1265965213
3110174147
1914052340
6232281706
6163637433
2689572391
1195332051
6342327181
1073553965
1229216381
3176389247
2839107347
1454608051
6183006178
1246154131
1023925181
6717812913
1428123685
6071118561
5638968294
2656103204
1986561077
5324422488
3974356006
1649111590
2128988813
1761948290
5847475496
6059492811
1720837167
1781880001
5763507455
1134606961
6170166105
6737038776
2594517390
3275714271
1283094020
1776630937
1792164610
1431554591
1651943562
2127799632
6493289401
2048917272
2092379075
1236319505
1529124462
2697610013
6311645596
6130657969
6198684550
1868513102
1823451595
3232072061
2034615317
1270750184
5841933090
1216607987
6118829861
2266078273
2206513887
5513672750
1080645685
6633278025
6394742569
2004328542
1497329324
1212890110
5491707073
1883740884
1276385411
1763425743
1781382851
1875577117
1423241690
2255163752
2694437511
2144307733
1864018530
5362157989
5514401335
1728954334
1236922384
1025742561
6666149403
1168466855
6041450936
1019494237
7076756547
1405171373
1679671065
1930264011
7278523216
6623459858
6493981048
1603078261
2303502674
6519631993
6430578059
1750089420
1114448242
5822930027
3170932017
1903951291
5277392898
6225990601
5677602570
2526426210
1219425841
1769281384
1872265914
2820272015
2782266763
7245625186
2619669707
1745865722
1060682921
6001076698
1882002182
3278088541
2006125521
2709254732
1202968283
1705822647
6528707933
1740854483
5592228453
5888006271
1802426877
5283535447
1415664090
2301009661
6508016609
1351462074
3730177300
5326065595
6286321083
2745879491
5463395537
1270602642
6719268224
5919758251
5239863155
5060681723
1035933493
1646216180
1854801324
2387353802
5603109228
1060382804
1882537041
1724367710
2709876063
5689610166
2993049293
6477395686
7315637696
6227929000
5986865369
7222266934
7315266998
1684451290
2010844007
2596554803
2019251271
5129372610
2600992990
1239246050
2262941564
1401527553
6124700343
6557414342
6114830371
1806697861
6567521352
5853987798
7315218298
1433680664
2796443291
3674655357
1244767010
2418684734
7200412324
5997605338
5425703566
3160196775
2066790525
2054300185
6189454955
6976063961
2985748642
1777398284
6442634013
6142630482
6403261311
1959698641
7044575086
1257683741
2919798051
2906518967
7308570526
1884587144
2051826355
7151954629
7295783997
1274176302
3733171987
2436175447
3238729482
5299926269
5548726381
1862496300
5042513323
6507495567
2792742120
6013313355
3921730119
1266202937
1140825673
6597245834
1669280135
2475963887
3181937452
1980595655
7315033901
6444377883
2024733721
2403912521
1745544707
1450862317
1828251910
1740250437
7268037980
3276099007
5124722430
2378705572
5609650132
5212615090
5936629574
2629977172
1828564760
7195333393
6192247898
6723106704
6120827973
5546717057
2482456740
6526315086
1250188552
2507388547
1496827227
5655216956
1133843403
2549315545
1883881851
5885579338
1402035482
1497353684
2931408904
3018368713
7274687626
2163797672
6602749693
2858947502
1044918365
1033758830
1691260001
5181265843
1774140410
6461959751
6504944573
2039026813
3089487123
1497161671
1797282593
1581323203
2991306050
6792301046
6486762227
5111847144
1722900343
6574978729
3493582065
2788609233
6792447179
2620867867
1405118924
1681606392
2493592183
1564429667
2280542912
6531582308
2177020450
2139928593
7271810705
2193039797
3167117114
5326573504
2533792692
2703219443
3199840270
6979627703
5461689476
1614037520
3570370945
5180364937
7055426043
7295842539
6514705104
7043088229
1224180577
2656135443
5684258597
6073344329
5203963783
3760146835
6880775783
2121320861
1926909715
3710603021
1455428062
6767321459
5271523042
2821790692
2683376082
6081336422
7299959198
7306524251
7305756844
5592276959
2030371897
3931672306
2677042071
1303211083
1813362234
3163021600
7310443079
1870020630
2676045010
6589825840
5390666731
2156819945
6597777041
2062041305
3544830952
1707326784
1423932667
1759015447
1971117623
2027970371
6592979710
1795550965
3908755088
1682029811
1883706005
3992019742
6224358784
5522616643
2354174675
5868279768
7182767629
5534145078
1668662863
3452409474
5653343594
2105821043
1735833683
5603099606
3859694515
2075733533
5701449711
6093700097
5614531053
2117390621
1723959192
5614350686
1740822350
5145725878
1680950470
1782793355
5947074262
5344792788
5469940430
5236174869
2638660385
3219435920
7061967218
1811571965
5597916534
3796549313
7308823444
6111786953
6570749246
2738338457
6412672328
1919826517
6201837761
5178304161
5685400200
1823014281
5380827259
1789190250
5264256400
5603105558
1411570697
3807973089
5644727559
5305078356
3968347822
5612285897
5538253557
1648424243
5542263894
5604258919
7225963146
2521277214
6450748338
2532246452
5093235863
3920631851
5908405358
1963341941
1908692482
1906286443
6154062059
6446335879
1646988824
5255814135
3793249871
2382356540
3645321135
1226379735
5417283742
1709282765
6515553456
3579682844
2155926845
2688975062
1402158914
1763415704
5370886089
5155452287
5690110750
6986193509
6931533545
3227874423
1677960582
2857906537
7164052643
6237999188
2432676552
1803711443
6124451564
1807916335
1179697641
7154881676
1802020582
5777486444
1709121233
2108605227
3213993214
6165090422
6589583808
2096285104
1738858091
1935396210
7072835421
6904705453
2964493453
1676010442
1640766861
5430433009
1936335774
3898582124
6085757586
6612154540
1747570603
2574374407
6012989080
6504227134
1852189012
3363668700
1654887265
7306646679
1678922745
6928225158
6114968627
6057060487
6471474517
3226141487
6249211768
1591169702
5488778713
2382542974
1902812145
1660749805
6723107481
6363394441
2789616391
5990821432
3733660425
1701367442
3549291587
6170935790
3561911811
5119908065
1496987315
5503777281
1560906700
6519270094
1812423571
5166216276
7256873702
6347215887
1881148540
1731916863
7053883131
1660079292
1778637365
1641498635
2131806850
6037080392
3442448310
5628550359
2288068615
6864860761
2329124285
1639537301
2939407585
6820463882
2959953997
2424567755
5440488716
1934210561
6187762137
1592684195
2793603145
2628935782
1941012674
6684635588
3989324135
1682342390
6270180389
5127962991
1731633990
1907274181
1741929891
1644458353
1805250771
3705784003
1627351167
2865435252
2816776540
1738267467
5574122479
1763760351
5987360021
2952435102
2726698224
6072932903
7193123439
1035479352
6064972755
7277501727
1495033135
2176931977
1342022805
5554343365
1764194464
6545415109
6418859862
2818973845
2959717577
2278769021
2751965933
5758909468
6279636424
1620767105
1940275640
2235420464
3481045492
1774835215
5617190224
6573174000
6521591936
6153017650
5322823380
3225714712
6533273090
5863284147
1975692793
3556771421
6540305232
5854134830
7004520360
6444040801
5594216204
1684936355
5762457113
5372923619
5919942933
5815517199
3173216505
3922765926
5811522202
6718432943
